0.03205599999998299
0.025937999999996464
0.024668999999988728
0.02692199999998479
0.02691200000001004
0.026636999999993805
0.026725999999996475
0.02677899999997635
0.027069000000011556
0.0246710000000121
0.02467699999999695
0.024569999999982883
0.024814999999989595
0.02458200000000943
0.02455800000001318
0.0246620000000064
0.02489199999999414
0.024664999999998827
0.024754999999998972
0.02452299999998786
0.027015000000005784
0.02671000000000845
0.026720000000011623
0.024766999999997097
0.024912999999997965
0.024820000000005393
0.024625999999983605
0.02470800000000395
0.024618000000003804
0.024687000000000126
0.0247229999999945
0.026684999999986303
0.024806000000012318
0.024650000000008276
0.024679999999989377
0.024590999999986707
0.024852000000009866
0.02487300000001369
0.026764999999983274
0.026820000000014943
0.026844999999980246
0.024675999999999476
0.02468600000000265
0.026853999999985945
0.024765000000002146
0.024582999999978483
0.026825999999999794
0.024879999999996016
0.024640999999974156
0.024769999999989523
0.024603999999982307
0.024538000000006832
0.026724000000001524
0.026811999999978298
0.026953999999989264
0.024728000000010297
0.024666999999993777
0.024675000000002
0.024525000000011232
0.024515000000008058
0.024963000000013835
0.02691599999999994
0.026798999999982698
0.02464499999999248
0.024733000000026095
0.024817000000012968
0.02473999999998
0.025019000000014557
0.02498800000000756
0.027165999999994028
0.02703999999999951
0.024882999999988442
0.02469899999999825
0.024670999999983678
0.024627999999978556
0.02474900000001412
0.024844999999999118
0.024674000000004526
0.0246490000000108
0.024887000000006765
0.024765000000002146
0.024688999999995076
0.024659000000013975
0.026822000000009893
0.02685499999998342
0.026655999999974256
0.02477899999999522
0.024709000000001424
0.02677900000000477
0.024497999999994136
0.024770999999986998
0.024670000000014625
0.02452499999998281
0.024502000000012458
0.024430999999992764
0.0246360000000152
0.024810999999999694
0.026569999999992433
0.024607000000003154
0.0246970000000033
0.024652000000003227
0.024740000000008422
0.024752000000006547
0.02458200000000943
0.02461399999998548
0.026767000000006647
0.024461000000002286
0.0247049999999831
0.024818000000010443
0.02465100000000575
0.027699000000012575
0.025708000000008724
0.024704000000014048
0.0247099999999989
0.024727000000012822
0.02466000000001145
0.02480299999999147
0.02465100000000575
0.024794000000014194
0.02448900000001686
0.024716000000012173
0.026690999999999576
0.026668000000000802
0.024419999999992115
0.024739000000010947
0.02452499999998281
0.024570000000011305
0.024476999999990312
0.024599999999992406
0.02458599999999933
0.024652000000003227
0.026857000000006792
0.024701999999990676
0.024725999999986925
0.024747999999988224
0.02696599999998739
0.024934999999999263
0.02465100000000575
0.024518000000000484
0.024563000000000557
0.02462099999999623
0.026749999999992724
0.026710999999977503
0.024628000000006978
0.02464499999999248
0.0266510000000153
0.024360999999998967
0.024486999999993486
0.024582999999978483
0.02658400000001393
0.02457099999998036
0.02464899999998238
0.024842000000006692
0.0246620000000064
0.02452499999998281
0.02465600000002155
0.026778000000007296
0.026971000000003187
0.024646000000018375
0.024603000000013253
0.024794999999983247
0.02452999999999861
0.02456900000001383
0.02493099999998094
0.024555999999989808
0.024668999999988728
0.024929000000014412
0.02697300000002656
0.024916000000018812
0.02485099999998397
0.024770999999986998
0.02462499999998613
0.024918999999982816
0.02724399999999605
0.02489199999999414
0.02483599999999342
0.02493599999999674
0.02504900000002408
0.024974999999983538
0.027245000000021946
0.02491200000000049
0.024925999999993564
0.024922000000003663
0.02493600000002516
0.02491399999999544
0.026836999999972022
0.024681999999984328
0.024957999999998037
0.024791000000021768
0.024644000000023425
0.027028000000001384
0.027188999999992802
0.026755000000008522
0.027204999999980828
0.02702700000000391
0.026961999999997488
0.024765000000002146
0.025048999999995658
0.027011000000015883
0.02478600000000597
0.024774000000007845
0.024677999999994427
0.025031000000012682
0.024997999999982312
0.025146000000006552
0.024982000000022708
0.025061999999991258
0.025137000000000853
0.02510499999999638
0.024752000000006547
0.024816000000015492
0.02691799999999489
0.025005000000021482
0.025048999999995658
0.02482100000000287
0.024798000000004095
0.026769999999999072
0.024916999999987866
0.02508100000000013
0.025195999999994
0.024956000000003087
0.027051999999997633
0.0271460000000161
0.025016999999991185
0.025133000000010952
0.025161999999994578
0.025414000000012038
0.02700300000000766
0.02686999999997397
0.02650400000001696
0.027415999999988117
0.025006000000018958
0.024786999999975023
0.024703000000016573
0.024996999999984837
0.02488099999999349
0.024894999999986567
0.024858999999992193
0.027164999999996553
0.02483999999998332
0.025036000000000058
0.02481399999999212
0.026962999999994963
0.027215000000012424
0.026935000000008813
0.027528999999987036
0.025344999999987294
0.02540300000001139
0.025302999999979647
0.025420999999994365
0.025309999999990396
0.02530699999999797
0.02529400000000237
0.02542900000000259
0.024952000000013186
0.024914999999992915
0.024819000000007918
0.02469899999999825
0.02492699999999104
0.026835000000005493
0.024781999999987647
0.024888999999973294
0.025053999999983034
0.024959999999992988
0.024903999999992266
0.024958999999995513
0.02491399999999544
0.02484699999999407
0.027024000000011483
0.024794000000014194
0.02472899999997935
0.02700899999999251
0.027306999999979098
0.027013000000010834
0.024920000000008713
0.024623999999988655
0.024876000000006115
0.0247099999999989
0.02521999999999025
0.024959999999992988
0.027233999999992875
0.026670999999993228
0.02488600000000929
0.024933999999973366
0.024629000000004453
0.024926000000021986
0.02648999999999546
0.026540000000011332
0.02670499999999265
0.026570999999989908
0.026873999999992293
0.024531000000024505
0.024701000000021622
0.024739000000010947
0.026867000000009966
0.02638600000000224
0.024636999999984255
0.024569999999982883
0.024630999999999403
0.024369999999976244
0.0246710000000121
0.026647999999994454
0.02661200000000008
0.024494000000004235
0.024498000000022557
0.024427000000002863
0.024525000000011232
0.026549999999986085
0.02468200000001275
0.024489999999985912
0.026644000000004553
0.024661000000008926
0.024450999999999112
0.024292000000002645
0.026831000000015592
0.02673599999999965
0.027131999999994605
0.024465999999989663
0.024640999999974156
0.024577000000022053
0.024650000000008276
0.024374999999992042
0.02655099999998356
0.024522000000018807
0.024565999999992982
0.026549999999986085
0.026673999999985654
0.02664199999998118
0.024630999999999403
0.024574000000001206
0.02458000000001448
0.024394000000000915
0.024701999999990676
0.024616999999977907
0.02669700000001285
0.024436000000008562
0.024475999999992837
0.02422800000002212
0.024176999999980353
0.02417400000001635
0.026954000000017686
0.026478999999994812
0.024621999999993704
0.02453199999999356
0.02459899999999493
0.02447300000000041
0.026832000000013068
0.026859000000001743
0.02694199999999114
0.026796999999987747
0.024752000000006547
0.024463999999994712
0.024547999999981585
0.02638400000000729
0.026659000000023525
0.024612999999988006
0.02442299999998454
0.024578999999988582
0.02465100000000575
0.024370000000004666
0.02445400000001996
0.024592999999981657
0.02677500000001487
0.026409000000001015
0.02444499999998584
0.024529000000001133
0.024632999999994354
0.024450000000001637
0.026477999999997337
0.02653599999999301
0.024823999999995294
0.02449100000001181
0.02683499999997707
0.02457100000000878
0.02455999999997971
0.026566000000002532
0.024371999999999616
0.024409000000019887
0.024417999999997164
0.02436699999998382
0.02437400000002299
0.024349000000000842
0.024450000000001637
0.02448900000001686
0.025531999999998334
0.025107999999988806
0.024523999999985335
0.02483399999999847
0.024743000000000848
0.02495099999998729
0.024773999999979424
0.024627000000009502
0.024643999999995003
0.024754999999998972
0.02478800000000092
0.024777999999997746
0.02671799999998825
0.024911000000003014
0.024946999999997388
0.0246919999999875
0.026859000000001743
0.024477999999987787
0.02495099999998729
0.024954000000008136
0.024748000000016646
0.024667999999991252
0.027075999999993883
0.024692000000015923
0.02483599999999342
0.024678999999991902
0.02464899999998238
0.02499700000001326
0.024512999999984686
0.024884999999983393
0.024664999999998827
0.024763000000007196
0.024521999999990385
0.02488600000000929
0.024608999999998105
0.024551999999999907
0.024958999999995513
0.024896000000012464
0.024692999999984977
0.0247099999999989
0.02448599999999601
0.024790999999993346
0.024777999999997746
0.02441699999999969
0.024653000000000702
0.02463399999999183
0.0266770000000065
0.026607000000012704
0.02668800000000715
0.02449300000000676
0.024561000000005606
0.02441500000000474
0.024735000000021046
0.02484699999999407
0.02457499999999868
0.026802000000003545
0.024796000000009144
0.024501999999984037
0.024752000000006547
0.02464699999998743
0.026790999999974474
0.024406999999996515
0.0246360000000152
0.02445799999998144
0.02450999999999226
0.02661000000000513
0.024459000000007336
0.024492000000009284
0.024514999999979636
0.024470000000007985
0.02434300000001599
0.024375999999989517
0.024752000000006547
0.024743999999998323
0.024561000000005606
0.024508999999994785
0.024429000000026235
0.02450400000000741
0.024506999999999834
0.026657999999997628
0.024439999999998463
0.024141999999983454
0.02430600000002414
0.02443000000002371
0.024531000000024505
0.02483799999998837
0.024665999999996302
0.026873999999992293
0.026957999999979165
0.02706799999998566
0.02689000000000874
0.024837000000019316
0.02477899999999522
0.025621000000001004
0.02514599999997813
0.024953999999979715
0.02681799999999157
0.02701200000001336
0.026979999999980464
0.02494000000001506
0.0247359999999901
0.02482100000000287
0.02474699999999075
0.024472000000002936
0.024553999999994858
0.024472000000002936
0.02651199999999676
0.027152000000000953
0.02740700000001084
0.024909000000008064
0.024794000000014194
0.024782999999985122
0.024814999999989595
0.02465099999997733
0.024790999999993346
0.02491200000000049
0.024703000000016573
0.024776000000002796
0.024953999999979715
0.024979999999999336
0.024909000000008064
0.027088999999989483
0.024872999999985268
0.024776000000002796
0.024761000000012245
0.02473600000001852
0.024660999999980504
0.025320999999991045
0.02541800000000194
0.027127999999976282
0.024770999999986998
0.02493799999999169
0.024883999999985917
0.027026999999975487
0.02498800000000756
0.025044000000008282
0.025028000000020256
0.02491799999998534
0.024894000000017513
0.024967000000003736
0.02474900000001412
0.024812999999994645
0.024874000000011165
0.02503799999999501
0.027174999999999727
0.025122000000010303
0.024678999999991902
0.025174000000021124
0.025011999999975387
0.024728000000010297
0.02699599999999691
0.026940999999993664
0.027163999999999078
0.025085999999987507
0.02494200000001001
0.026924000000008164
0.026833999999979596
0.02687700000001314
0.02712700000000723
0.024983999999989237
0.02487700000000359
0.026993000000004486
0.024867999999997892
0.024845999999996593
0.024876000000006115
0.02499900000000821
0.026740999999987025
0.02493599999999674
0.024990999999999985
0.025035000000002583
0.02489900000000489
0.025020000000012033
0.024870999999990318
0.026948000000004413
0.02491999999998029
0.024502000000012458
0.026429000000007363
0.024605000000008204
0.0242799999999761
0.02452999999999861
0.02435800000000654
0.02439699999999334
0.02450999999999226
0.02483999999998332
0.025070999999996957
0.024887000000006765
0.027178999999989628
0.025036000000000058
0.024875999999977694
0.024683000000010225
0.024430999999992764
0.02665499999997678
0.026683999999988828
0.02679399999999532
0.024432999999987715
0.02443199999999024
0.024559000000010656
0.02486600000000294
0.02496600000000626
0.027138000000007878
0.02749600000001351
0.02715299999999843
0.024958999999995513
0.02478400000001102
0.02746300000001156
0.027104999999977508
0.027058000000010907
0.02688100000000304
0.02509900000001153
0.024903999999992266
0.024763000000007196
0.024878000000001066
0.027137999999979456
0.02500499999999306
0.025052000000016506
0.027223000000020647
0.02443000000002371
0.024755999999996448
0.024655000000024074
0.024896000000012464
0.024973999999986063
0.025036000000000058
0.024967000000003736
0.024547999999981585
0.02666199999998753
0.02649900000000116
0.026514999999989186
0.026870999999999867
0.024200999999976602
0.024452999999994063
0.02433000000002039
0.024581999999981008
0.024466000000018084
0.024441999999993413
0.024276999999983673
0.024570000000011305
0.02436899999997877
0.024354999999985694
0.02430999999998562
0.02434699999997747
0.024473999999997886
0.024642999999997528
0.026555999999999358
0.026735000000002174
0.02462099999999623
0.02452699999997776
0.024432999999987715
0.024512000000015632
0.0247049999999831
0.02661399999999503
0.0247009999999932
0.025014999999996235
0.024972999999988588
0.024901999999997315
0.024780999999990172
0.02506399999998621
0.024889000000001715
0.024665999999996302
0.024643999999995003
0.024570000000011305
0.024512999999984686
0.024429000000026235
0.026735000000002174
0.026425999999986516
0.02637100000001169
0.02657100000001833
0.026829999999989695
0.02742000000000644
0.02474199999997495
0.024959999999992988
0.024963000000013835
0.027255999999994174
0.025036999999997533
0.02500299999999811
0.02518100000000345
0.027044999999986885
0.024798000000004095
0.024844999999999118
0.024852000000009866
0.024723999999991975
0.024648000000013326
0.027107999999998356
0.025237000000004173
0.024920000000008713
0.02698300000000131
0.026997999999991862
0.024714999999986276
0.02488800000000424
0.024741000000005897
0.024731000000002723
0.024793999999985772
0.024576000000024578
0.02459500000000503
0.024809000000004744
0.024647999999984904
0.026685999999983778
0.024792000000019243
0.024649999999979855
0.0246840000000077
0.02480800000000727
0.024688999999995076
0.024716000000012173
0.024698000000000775
0.02478000000002112
0.024596000000002505
0.024665999999996302
0.024645999999989954
0.024705000000011523
0.026762999999988324
0.024580999999983533
0.024612999999988006
0.024623999999988655
0.02659900000000448
0.026813000000004195
0.026847000000003618
0.02702399999998306
0.02708299999997621
0.025000000000005684
0.02490499999998974
0.024651999999974805
0.026681999999993877
0.026870999999999867
0.024865000000005466
0.024590000000017653
0.024695999999977403
0.026975999999990563
0.024683000000010225
0.024687000000000126
0.024675000000002
0.026677999999975555
0.026885000000021364
0.024582999999978483
0.024681999999984328
0.024601999999987356
0.024743999999998323
0.024863000000010516
0.0272420000000011
0.024712999999991325
0.024614999999982956
0.02478800000000092
0.024729000000007773
0.024901999999997315
0.02467299999997863
0.024721999999997024
0.02483999999998332
0.024798000000004095
0.02484699999999407
0.027164999999996553
0.026869000000004917
0.024831000000006043
0.02470299999998815
0.024592999999981657
0.026628000000016527
0.024675000000002
0.024653000000000702
0.02475800000001982
0.02472300000002292
0.024608999999998105
0.0247309999999743
0.024681000000015274
0.0247320000000002
0.02685299999998847
0.02453799999997841
0.024752000000006547
0.02465100000000575
0.02476400000000467
0.02638199999998392
0.02628400000000397
0.026421999999996615
0.024314000000003944
0.024298000000015918
0.02405000000001678
0.024225000000001273
0.024168000000003076
0.026414999999985866
0.024173999999987927
0.024225000000001273
0.02405600000000163
0.024282999999996946
0.02630600000000527
0.026540999999980386
0.0262119999999868
0.026420000000001664
0.02430000000001087
0.02432499999997617
0.024088000000006105
0.024173999999987927
0.02403700000002118
0.02652699999998731
0.02646200000000931
0.026835000000005493
0.026656000000002678
0.026598000000007005
0.026422000000025037
0.024306999999993195
0.02426300000001902
0.024375999999989517
0.026264999999995098
0.024090000000001055
0.02411899999998468
0.026590999999996257
0.026476999999999862
0.02431699999999637
0.02425800000000322
0.02651000000000181
0.024330999999989444
0.024463999999994712
0.023974999999978763
0.02429499999999507
0.024234000000006972
0.024581999999981008
0.024337000000002718
0.024408999999991465
0.024232999999981075
0.02435399999998822
0.026341000000002168
0.02412600000002385
0.024244000000010146
0.02431900000001974
0.026212000000015223
0.02658600000000888
0.02651199999999676
0.02437600000001794
0.02408300000001873
0.024299999999982447
0.02630400000001032
0.02453399999998851
0.02430200000000582
0.024292000000002645
0.024158999999997377
0.024133000000006177
0.02431899999999132
0.02442099999998959
0.024264000000016495
0.02420000000000755
0.026263000000000147
0.026106999999996106
0.024157000000002427
0.024110000000007403
0.02637500000000159
0.024626000000012027
0.024403000000006614
0.024481000000008635
0.024750000000011596
0.024231000000014546
0.026251999999999498
0.026496000000008735
0.026501999999993586
0.02438200000000279
0.024214000000000624
0.024317999999993845
0.02428000000000452
0.026249000000007072
0.02425800000000322
0.024409000000019887
0.024166000000008125
0.024534999999985985
0.024099000000006754
0.026888999999982843
0.026487000000003036
0.026501999999993586
0.024351999999993268
0.02435200000002169
0.02424500000000762
0.026398000000000366
0.024426000000005388
0.024303000000003294
0.024427000000002863
0.024445999999983314
0.02640999999999849
0.026609999999976708
0.027077999999988833
0.027152000000000953
0.024147999999996728
0.024053000000009206
0.02430799999999067
0.026341999999999643
0.026251999999999498
0.026601999999996906
0.02687699999998472
0.02471599999998375
0.024848000000019965
0.026943000000017037
0.026879999999977144
0.024833000000000993
0.024656999999990603
0.024724000000020396
0.024741000000005897
0.024317999999993845
0.024224000000003798
0.02447300000000041
0.024209000000013248
0.024324000000007118
0.024371999999999616
0.02427400000001967
0.024728000000010297
0.024753000000004022
0.02459899999999493
0.024873999999982743
0.024666999999993777
0.024707000000006474
0.024726000000015347
0.024844999999999118
0.026858000000004267
0.024822000000000344
0.024852000000009866
0.024855999999999767
0.024617000000006328
0.02708499999999958
0.024705999999980577
0.02476599999999962
0.024643999999995003
0.026958000000007587
0.02686199999999417
0.02693999999999619
0.026418000000006714
0.02647100000001501
0.024552999999997382
0.024424000000010437
0.02436000000000149
0.024518000000000484
0.024346000000008416
0.024410999999986416
0.024400000000014188
0.024332999999984395
0.024260999999995647
0.02460299999998483
0.02409099999999853
0.026281000000011545
0.024402999999978192
0.02432799999999702
0.026510999999999285
0.026678000000003976
0.026458999999988464
0.027069000000011556
0.026757000000003472
0.026576000000005706
0.024310999999983096
0.024548000000010006
0.02642099999999914
0.026670999999993228
0.024555000000020755
0.024289999999979273
0.024310000000014043
0.024574000000001206
0.024287999999984322
0.024412000000012313
0.02659700000000953
0.027034000000014657
0.024653999999998177
0.02496800000000121
0.024729000000007773
0.02453399999998851
0.027046000000012782
0.026918999999992366
0.024654999999995653
0.024730000000005248
0.026358999999985144
0.02442699999997444
0.02448799999999096
0.024486999999993486
0.02649700000000621
0.026668999999998277
0.026188000000018974
0.02430400000000077
0.02430400000000077
0.02654199999997786
0.02678099999999972
0.024314000000003944
0.024285000000020318
0.024349000000000842
0.02418199999999615
0.024090000000001055
0.024306999999993195
0.024541999999996733
0.024277999999981148
0.024208000000015772
0.024331000000017866
0.024098999999978332
0.0241969999999867
0.024295999999992546
0.024310999999983096
0.026479999999992287
0.024249999999994998
0.024146000000001777
0.024350999999995793
0.02436300000002234
0.024360999999998967
0.026383000000009815
0.026311000000021068
0.024273999999991247
0.024324000000007118
0.024349000000000842
0.02429300000000012
0.024206999999989876
0.02424500000000762
0.026301000000017893
0.024146000000001777
0.024261999999993122
0.024337000000002718
0.02428000000000452
0.024440999999995938
0.024223000000006323
0.02432799999999702
0.0242359999999735
0.024675999999999476
0.02463400000002025
0.024852000000009866
0.024437000000006037
0.024503999999978987
0.026481000000018184
0.02648400000001061
0.024021000000004733
0.024304999999998245
0.024136999999996078
