0.006008999999949083
0.006175999999868509
0.006057999999939057
0.006260999999994965
0.005760999999893102
0.005881000000044878
0.005977000000029875
0.006364999999959764
0.0061880000000655855
0.005997999999863168
0.006035000000110813
0.00609800000006544
0.005982000000130938
0.006300000000010186
0.04271499999981643
0.005924999999933789
0.006028000000014799
0.006022000000029948
0.005928000000039901
0.0060080000000652944
0.00621299999988878
0.006221999999979744
0.006127000000105909
0.006161000000020067
0.006083000000216998
0.005991999999878317
0.0059819999999035645
0.006120000000009895
0.006138000000191823
0.006102999999939129
0.006127000000105909
0.006149999999934153
0.006053999999949156
0.005940000000009604
0.006073000000014872
0.006327999999939493
0.006024999999908687
0.006168000000116081
0.006315000000086002
0.006044999999858192
0.006249000000025262
0.005897000000004482
0.006325999999944543
0.00635799999986375
0.00603899999987334
0.006257000000005064
0.006033999999999651
0.0060869999999795255
0.006200999999919077
0.006122000000004846
0.0063890000001265435
0.0419289999999819
0.006047000000080516
0.005969000000050073
0.006562999999914609
0.006176999999979671
0.006030999999893538
0.005908999999974185
0.006108000000040192
0.006243999999924199
0.00617299999998977
0.006070000000136133
0.006156000000146378
0.006147000000055414
0.005998000000090542
0.006337000000030457
0.005965000000060172
0.006016999999928885
0.006087999999863314
0.006248000000141474
0.005937000000130865
0.006212000000004991
0.006325000000060754
0.005863999999974112
0.005846000000019558
0.006045999999969354
0.006428000000141765
0.006414000000177111
0.006210999999893829
0.006227999999964595
0.0064560000000710716
0.006264000000101078
0.006335999999919295
0.00584700000013072
0.006206999999903928
0.0062970000001314475
0.0062590000000000146
0.006200000000035288
0.006057000000055268
0.006302999999888925
0.00606500000003507
0.005955999999969208
0.006281999999828258
0.006440999999995256
0.04377199999998993
0.006102999999939129
0.04213800000002266
0.006102999999939129
0.006118000000014945
0.006372999999939566
0.00610499999993408
0.006541999999853942
0.006151000000045315
0.006026999999903637
0.006198000000040338
0.006444000000101369
0.006141999999954351
0.00613300000009076
0.006219999999984793
0.006331999999929394
0.0061749999999847205
0.0060320000000047
0.006260000000111177
0.005741999999827385
0.006226999999853433
0.006177999999863459
0.005987999999888416
0.006092999999964377
0.005806000000120548
0.005875000000060027
0.006300999999893975
0.006574999999884312
0.006135000000085711
0.006143999999949301
0.006033000000115862
0.006190000000060536
0.005771999999979016
0.006053999999949156
0.006278999999949519
0.006213999999999942
0.006084999999984575
0.006135000000085711
0.006032999999888489
0.006160000000136279
0.006237000000055559
0.006141000000070562
0.0060699999999087595
0.005934999999908541
0.006208999999898879
0.006018000000040047
0.0061659999998937565
0.006194000000050437
0.006313000000091051
0.04235700000003817
0.006356000000096174
0.04225799999994706
0.006095999999843116
0.005805000000009386
0.006045000000085565
0.006125999999994747
0.0061930000001666485
0.006112999999913882
0.006298000000015236
0.006097999999838066
0.005828999999948792
0.006061000000045169
0.006081999999878462
0.006335999999919295
0.006157000000030166
0.006416000000172062
0.006335000000035507
0.006252999999787789
0.00623900000005051
0.006308999999873777
0.005953999999974258
0.0059779999999136635
0.006077999999888561
0.005939000000125816
0.005965000000060172
0.006248000000141474
0.006070000000136133
0.006322000000182015
0.006027999999787426
0.006286999999929321
0.00651800000014191
0.0062720000000808795
0.006143000000065513
0.006122000000004846
0.00628299999993942
0.0060739999998986605
0.00599000000011074
0.006206999999903928
0.005748999999923399
0.005868000000191387
0.006037999999989552
0.005979000000024826
0.006294999999909123
0.006120000000009895
0.006393000000116444
0.006057000000055268
0.006127000000105909
0.006153000000040265
0.006157000000030166
0.006102000000055341
0.010721000000103231
0.01198700000009012
0.013797000000067783
0.006395999999995183
0.006415999999944688
0.006660000000010768
0.006484000000000378
0.006620999999995547
0.04444699999999102
0.00620800000001509
0.04334900000003472
0.0063289999998232815
0.00617299999998977
0.0063509999999951106
0.006278999999949519
0.005834999999933643
0.006006000000070344
0.006466000000045824
0.006100999999944179
0.006405999999969936
0.0061920000000554865
0.005950999999868145
0.0062709999999697175
0.006123999999999796
0.006086000000095737
0.006098999999949228
0.006257000000005064
0.006221999999979744
0.006191999999828113
0.006108000000040192
0.006134999999858337
0.006115000000136206
0.006118000000014945
0.006087000000206899
0.006337000000030457
0.006257000000005064
0.006190000000060536
0.005725999999867781
0.006409000000076048
0.006127999999989697
0.006312999999863678
0.006037999999989552
0.006139000000075612
0.006031000000120912
0.006031000000120912
0.0061880000000655855
0.006392000000005282
0.005972000000156186
0.00592400000005
0.0058859999999185675
0.007392999999865424
0.006022000000029948
0.005913999999847874
0.006090999999969426
0.006335000000035507
0.006228999999848384
0.006296999999904074
0.006168999999999869
0.006228000000191969
0.006292999999914173
0.006337000000030457
0.0060090000001764565
0.006185999999843261
0.0060970000001816516
0.006298000000015236
0.005935000000135915
0.006294000000025335
0.0064339999998992425
0.006138999999848238
0.006157000000030166
0.006479000000126689
0.005953999999974258
0.006174000000100932
0.006250000000136424
0.0063720000000557775
0.006096999999954278
0.006581999999980326
0.006311000000096101
0.00638400000002548
0.005836999999928594
0.006200999999919077
0.006043999999974403
0.006304999999883876
0.006007000000181506
0.006251999999904001
0.00606300000004012
0.00631399999997484
0.00605600000017148
0.006200000000035288
0.0062669999999798165
0.006124999999883585
0.00596399999994901
0.005856999999878099
0.006374999999934516
0.006196000000045387
0.006057999999939057
0.006128999999873486
0.006124999999883585
0.006024000000024898
0.006127000000105909
0.006080999999994674
0.006411000000070999
0.0062010000001464505
0.005973000000039974
0.006122000000004846
0.006202000000030239
0.006167999999888707
0.006193999999823063
0.006246000000146523
0.0062499999999090505
0.006229000000075757
0.0062760000000707805
0.006288000000040483
0.006359000000202286
0.006204000000025189
0.0063429999999999875
0.005986999999999965
0.006291999999999964
0.00607599999999997
0.005710000000000104
0.006115000000000315
0.006025000000000169
0.006445999999999952
0.00596600000000036
0.006232999999999933
0.0060450000000003
0.006289999999999907
0.00580399999999992
0.006172999999999984
0.006212999999999802
0.005952000000000179
0.006199000000000066
0.006015000000000104
0.006012000000000128
0.006175999999999959
0.006315000000000293
0.006374000000000102
0.006133999999999862
0.006471000000000338
0.006406000000000134
0.006184000000000189
0.006171000000000149
0.006343999999999905
0.04111600000000015
0.006409999999999805
0.040696000000000065
0.006199000000000066
0.04053199999999979
0.005912000000000361
0.006200999999999901
0.0064950000000001396
0.006203999999999432
0.00603100000000012
0.006278000000000006
0.00647799999999954
0.006464999999999499
0.006034000000000539
0.006189
0.006307999999999758
0.006125999999999188
0.006212999999999802
0.006237999999999744
0.006148000000000486
0.006209000000000131
0.0060029999999997585
0.0065429999999997435
0.005840000000000067
0.006135999999999697
0.0061549999999996885
0.006361999999999313
0.006317000000000128
0.006083999999999534
0.0060279999999997
0.0061469999999994585
0.006066000000000571
0.0064109999999999445
0.006088000000000093
0.00650200000000023
0.006035000000000679
0.006199999999999761
0.00695699999999988
0.006452000000000346
0.006019000000000219
0.006168999999999869
0.0064869999999999095
0.007312999999999903
0.006541000000000352
0.007093000000000238
0.04087900000000033
0.005901999999999852
0.00605300000000053
0.006585999999999537
0.006394999999999484
0.006432999999999467
0.006585999999999537
0.006457000000000157
0.006312999999999569
0.006337000000000259
0.006143999999999927
0.006285999999999348
0.006353999999999971
0.006175999999999959
0.006097000000000463
0.006266999999999356
0.006204999999999572
0.0062389999999998835
0.00603100000000012
0.006330000000000169
0.006261999999999546
0.006470999999999449
0.005972999999999118
0.0061189999999999856
0.0062819999999987886
0.006403000000000603
0.006225999999999843
0.006474000000000757
0.006372999999999962
0.006173000000000428
0.006286999999998599
0.0063670000000009
0.0063059999999985905
0.04065399999999997
0.006435000000001523
0.041555000000000675
0.006185000000000329
0.006356999999999502
0.006107000000000085
0.00633999999999979
0.006040000000000489
0.0061909999999993914
0.006466000000001415
0.006076999999999444
0.0064869999999999095
0.005967999999999307
0.006277000000000754
0.006361999999999313
0.006320000000000547
0.0062590000000000146
0.0060450000000003
0.0062720000000009435
0.006088999999999345
0.006160000000001276
0.006053999999998894
0.006341000000000818
0.006163999999998282
0.0062590000000000146
0.006272999999998419
0.006411999999999196
0.006503999999999621
0.007016999999999385
0.006698000000000093
0.006614000000000786
0.006552999999998477
0.006856000000000861
0.007195000000001173
0.0070339999999990965
0.00696600000000025
0.007030000000000314
0.006809999999999761
0.006742000000000914
0.006553000000000253
0.006624999999999659
0.0063880000000011705
0.006869999999999266
0.007501999999998787
0.006394000000000233
0.006882000000000943
0.006330000000000169
0.006470000000000198
0.006626000000000687
0.006280000000000285
0.006403999999999854
0.04087999999999958
0.006529999999999703
0.04067700000000052
0.006133000000000166
0.0410939999999993
0.0062200000000007805
0.006161000000000527
0.006318000000000268
0.006041999999998993
0.006117999999998958
0.005991999999999109
0.0062060000000006
0.006111999999999895
0.006355999999998474
0.006548000000000442
0.006432999999999467
0.006334000000000728
0.006318000000000268
0.0063230000000000786
0.006076000000000192
0.005881999999999721
0.006330000000000169
0.005959999999999965
0.006057999999999453
0.006290999999999158
0.005803000000000225
0.005990000000000606
0.006216000000000221
0.0061560000000007165
0.006368000000000151
0.0061909999999993914
0.006403000000000603
0.006121000000000265
0.006104999999999805
0.006094000000000932
0.006332000000000448
0.006389999999999674
0.007868000000000208
0.007213000000000136
0.006745000000000445
0.006416999999999007
0.006143999999999039
0.006308999999999898
0.0063230000000000786
0.00653300000000101
0.04107999999999912
0.006088999999999345
0.04126199999999969
0.006163000000000807
0.006166999999997813
0.006479999999999819
0.006370000000000431
0.005949000000001092
0.006060000000001509
0.0065400000000011005
0.006273000000000195
0.007018000000002189
0.006133999999999418
0.0060029999999997585
0.006337999999999511
0.0061610000000023035
0.0059269999999997935
0.006026000000002085
0.006202999999999292
0.006177000000000987
0.006199999999999761
0.006029000000001616
0.006353999999998194
0.006058999999996928
0.006086999999997289
0.006064999999999543
0.006261999999999546
0.006626000000000687
0.00669600000000159
0.005690000000001305
0.006471000000001226
0.006166000000000338
0.007372000000000156
0.006114000000000175
0.006223999999999563
0.006153000000001185
0.00613299999999839
0.006270999999998139
0.007331999999998118
0.006125000000000824
0.006073000000000661
0.006083999999997758
0.006530000000001479
0.006198999999998733
0.006173000000000428
0.006166000000000338
0.006408000000000413
0.006166999999997813
0.006251999999999924
0.006143000000001564
0.006287000000000376
0.0064109999999999445
0.006437000000001802
0.006172999999996875
0.0062819999999987886
0.006143000000001564
0.0067950000000003286
0.006064000000002068
0.006370000000000431
0.006379000000002577
0.006126000000001852
0.006087999999998317
0.006405000000000882
0.005958999999997161
0.006242000000000303
0.006311999999997653
0.006343999999998573
0.006045999999997775
0.006523000000001389
0.0062549999999994554
0.006472999999999729
0.0060450000000003
0.00638100000000108
0.006326999999998861
0.006534999999999513
0.00630999999999915
0.006890000000002061
0.006647999999998433
0.006810999999999012
0.006266000000000105
0.006392999999999205
0.006384999999998087
0.006213999999999942
0.006057999999999453
0.005978999999999957
0.0064630000000001075
0.0061719999999994
0.006367999999998375
0.006269000000003189
0.0063880000000011705
0.006175999999999959
0.0064339999999987185
0.006305000000001115
0.006543000000000632
0.0062819999999987886
0.007403000000000048
0.006289999999999907
0.006271000000001692
0.006322999999998302
0.006420000000002091
0.006344000000002126
0.006465999999999639
0.006304000000000087
0.007073999999999359
0.006367999999998375
0.006986000000001269
0.006413999999999476
0.04269999999999996
0.006304000000000087
0.04306000000000054
0.006327999999999889
0.006527999999999423
0.007232000000001904
0.006170000000000897
0.006137999999999977
0.006280999999997761
0.006170999999998372
0.006090000000000373
0.00655800000000184
0.00696399999999997
0.006527000000001948
0.006499000000001587
0.005973000000000894
0.006146000000001095
0.006343000000001098
0.006198999999998733
0.006378999999999024
0.006261999999999546
0.006295999999998969
0.006213999999999942
0.005994000000001165
0.006109999999999616
0.0058749999999996305
0.006249999999997868
0.006157000000001744
0.006166000000000338
0.006351000000002216
0.006250999999998896
0.006402999999998826
0.006700000000002149
0.006340000000001567
0.006243000000001331
0.042536000000001906
0.0068939999999990675
0.04224100000000064
0.006343999999998573
0.0064630000000001075
0.006384999999998087
0.0062069999999998515
0.0061840000000010775
0.00697500000000062
0.006774000000000058
0.0063299999999983925
0.006564999999998378
0.006429000000000684
0.006658999999999082
0.006478999999998791
0.006144000000002592
0.006456000000000017
0.006091000000001401
0.006553999999997728
0.006681000000000381
0.006364999999998844
0.006603999999999388
0.006438999999996753
0.006407999999996861
0.006575999999999027
0.006262000000003098
0.006314999999997184
0.006353999999998194
0.006361000000001837
0.040793000000000745
0.00640099999999677
0.04143399999999886
0.0061019999999984975
0.04131600000000191
0.006063999999998515
0.006076000000000192
0.0059269999999997935
0.0060269999999995605
0.006385999999999115
0.006221000000000032
0.006218000000000501
0.006256999999997959
0.006327999999999889
0.006513999999999243
0.006278999999999257
0.006550000000000722
0.005938999999997918
0.0058989999999994325
0.0062860000000029
0.0061560000000007165
0.006378999999999024
0.006083999999997758
0.006170000000000897
0.006275999999999726
0.006161999999999779
0.0063579999999987535
0.006174000000001456
0.006218000000000501
0.006292999999999438
0.006035000000000679
0.006059000000000481
0.006384999999998087
0.006327999999999889
0.006350999999998663
0.040776000000001034
0.006344999999999601
0.04272100000000023
0.006185999999999581
0.006275999999999726
0.0065099999999986835
0.006356999999997726
0.00632399999999933
0.0063069999999996185
0.006391999999998177
0.006159999999997723
0.006509000000001208
0.0065629999999998745
0.006219000000001529
0.006281000000001313
0.006258000000002539
0.006388999999998646
0.006114000000000175
0.00639200000000173
0.005935000000000912
0.006354999999999222
0.006194000000000699
0.006466999999997114
0.006333000000001476
0.005908000000001579
0.00621500000000097
0.006090999999997848
0.0059290000000018495
0.006205999999998824
0.00607000000000113
0.006287000000000376
0.005904999999998495
0.006067000000001599
0.006143000000001564
0.0059429999999949246
0.00625999999999749
0.006166000000000338
0.006151000000002682
0.006368000000001928
0.006226000000005172
0.006357000000001278
0.04187399999999997
0.006188000000001637
0.041590999999996825
0.0062430000000048835
0.006112999999999147
0.006459999999997024
0.006205999999998824
0.00618300000000005
0.006211000000000411
0.006642999999996846
0.006115000000001203
0.006460999999994499
0.0063349999999999795
0.006214999999997417
0.006033999999999651
0.006376000000003046
0.006266999999994027
0.006107000000000085
0.006304000000000087
0.006379000000002577
0.006221000000003585
0.006389000000005751
0.00585399999999936
0.005923000000002787
0.006261999999999546
0.006580999999997061
0.006224000000003116
0.006303000000002612
0.00625999999999749
0.006127999999996803
0.006233999999999185
0.042137000000003866
0.006316000000005317
0.041440000000001476
0.005852999999994779
0.006181000000005099
0.006391000000000702
0.0062890000000024315
0.006249000000003946
0.006483000000002903
0.006357000000001278
0.00620999999999583
0.006142000000004089
0.006165000000002863
0.006279999999996733
0.006321999999997274
0.005784999999995932
0.006187999999994531
0.006233000000001709
0.0062150000000045225
0.006346000000000629
0.006047000000002356
0.006022999999999001
0.006013000000002933
0.005874999999996078
0.00643699999999825
0.0060579999999959
0.006293999999996913
0.006135999999997921
0.006353000000004272
0.006533999999994933
0.006205999999998824
0.006351999999999691
0.006186999999997056
0.041581000000000756
0.006298000000001025
0.04175400000000451
0.00624899999999684
0.041501000000003785
0.006123000000002321
0.006228000000000122
0.006243999999995253
0.0062910000000044874
0.006437999999995725
0.006397999999997239
0.006498000000000559
0.00634900000000016
0.006470999999997673
0.006072000000003186
0.006099999999996442
0.006168000000002394
0.006041000000003294
0.006490999999996916
0.0062819999999987886
0.00633600000000456
0.0062150000000045225
0.006447000000001424
0.006084999999998786
0.006090999999997848
0.006090000000000373
0.00637400000000099
0.006633000000000777
0.006329000000000917
0.005998999999995647
0.006343999999998573
0.006295000000001494
0.006410000000002469
0.006125999999994747
0.006205999999998824
0.006114999999994097
0.006246000000004415
0.006152999999997633
0.006225000000000591
0.006233999999999185
0.006225000000000591
0.005780000000001451
0.006097999999994386
0.006329000000000917
0.006180999999997994
0.006335999999997455
0.006107000000000085
0.005949000000001092
0.00614699999999857
0.006126999999999327
0.006391999999998177
0.005856000000001416
0.006370000000003984
0.006084000000001311
0.006233999999999185
0.006306000000002143
0.006481000000000847
0.041435999999997364
0.006417999999996482
0.04147299999999632
0.0063069999999996185
0.006450000000000955
0.006213999999999942
0.006270000000000664
0.006404000000003407
0.006257999999995434
0.0062999999999959755
0.006432000000003768
0.006445999999996843
0.006309000000001674
0.006217999999996948
0.006135000000000446
0.00630999999999915
0.006421000000003119
0.005991999999999109
0.006194999999998174
0.006239000000000772
0.006467000000000667
0.006197999999997705
0.006219000000001529
0.0061479999999960455
0.006373000000003515
0.005932000000001381
0.006430999999999187
0.006111000000004196
0.006506000000001677
0.006152000000000157
0.006401999999994246
0.006019000000001995
0.006498000000000559
0.005963000000001273
0.006274000000004776
0.005975999999996873
0.006270999999998139
0.006149999999998101
0.006444000000001893
0.006427999999999656
0.006168000000002394
0.0060899999999932675
0.006396999999999764
0.006363000000000341
0.006245999999997309
0.00594300000000203
0.006025000000001057
0.006102999999995973
0.0060280000000005884
0.006188000000001637
0.00623499999999666
0.0062840000000008445
0.006377000000000521
0.006137999999999977
0.0064039999999963015
0.0062130000000024665
0.006153000000004738
0.006402000000001351
0.006106000000002609
0.006150000000005207
0.006571000000000993
0.006367000000004452
0.006216000000001998
0.040796000000000276
0.006571999999998468
0.04115500000000338
0.006054999999996369
0.006192999999996118
0.006465999999996086
0.006292999999999438
0.006318000000000268
0.006384999999994534
0.00618300000000005
0.006264000000001602
0.006652000000002545
0.006255000000003008
0.006219000000001529
0.006582000000001642
0.0065049999999970964
0.006439000000000306
0.0063049999999975626
0.006358000000005859
0.0062080000000008795
0.006326999999998861
0.006004000000004339
0.006282999999996264
0.006100000000003547
0.006520000000001858
0.006073000000000661
0.006367000000004452
0.0060259999999985325
0.00619700000000023
0.005991000000001634
0.006290999999997382
0.00625999999999749
0.006139999999994927
0.006759000000002402
0.006046999999995251
0.006283000000003369
0.006396000000002289
0.006454000000005067
0.006054999999996369
0.006112000000001672
0.006059000000000481
0.006301000000000556
0.006250999999998896
0.0059800000000009845
0.0062910000000044874
0.006198999999995181
0.006228000000000122
0.006346999999998104
0.006509000000001208
0.006213999999999942
0.0062819999999987886
0.006177000000000987
0.006602000000000885
0.006409000000004994
0.006103000000003078
0.0408390000000054
0.0062309999999996535
0.041187999999998226
0.006252000000003477
0.006056999999998425
0.006341999999996517
0.006244000000002359
0.006394000000000233
0.006422999999998069
0.0063049999999975626
0.0063349999999999795
0.006537000000001569
0.006460000000004129
0.006310999999996625
0.006295000000001494
0.006166999999997813
0.006332999999997924
0.0062150000000045225
0.006422000000000594
0.00634900000000016
0.006405000000000882
0.006389999999996121
0.006199000000002286
0.006382000000002108
0.006318999999997743
0.006037999999996657
0.00646199999999908
0.006224000000003116
0.006062000000000012
0.006456000000000017
0.0061549999999996885
0.005981999999995935
0.006373000000003515
0.005865999999997484
0.006067999999999074
0.0062860000000029
0.006367999999994822
0.005845000000000766
0.005963999999998748
0.006101000000001022
0.006554999999998756
0.006069999999994025
0.006568999999998937
0.006000000000000227
0.006481000000000847
0.006467000000000667
0.006357000000001278
0.006287999999997851
0.006405000000000882
0.006723999999998398
0.00685500000000161
0.006413999999999476
0.006850999999997498
0.006521999999996808
0.0068119999999964875
0.007122000000002515
0.00688000000000244
0.007244000000000028
0.007305999999999813
0.006909000000000276
0.007301000000005331
0.007004000000002009
0.0071459999999987645
0.007222999999996205
0.006686000000001968
0.007501999999995235
0.00674200000000269
0.006759000000002402
0.006901999999996633
0.00670300000000168
0.006441999999999837
0.006635000000002833
0.007359000000001004
0.006799000000000888
0.0074070000000006075
0.00680499999999995
0.0072199999999966735
0.006712000000000273
0.007266999999998802
0.007051000000004137
0.006702000000004205
0.006897999999999627
0.007170000000002119
0.04403700000000299
0.006535999999996989
0.04140800000000411
0.006765000000001464
0.006324999999996805
0.007186000000004356
0.006465999999996086
0.006302000000005137
0.006517999999999802
0.006700000000002149
0.006907999999995695
0.006335999999997455
0.006240999999995722
0.0062610000000020705
0.006515000000000271
0.006321999999997274
0.0064710000000047785
0.0063069999999996185
0.006365999999999872
0.006300000000003081
0.006189999999996587
0.006387000000003695
0.006422000000000594
0.0063229999999947495
0.007141999999994653
0.006308999999994569
0.0065980000000038785
0.005991999999999109
0.007252999999998622
0.00637400000000099
0.006422999999998069
0.006294999999994388
0.0070240000000012515
0.006468999999995617
0.006427999999999656
0.006252999999993847
0.006467000000000667
0.006304000000000087
0.00675499999999829
0.006180000000000518
0.006655000000002076
0.006104000000000553
0.0064819999999983224
0.006343999999998573
0.006441999999999837
0.005943999999999505
0.006495000000001028
0.00619700000000023
0.0062840000000008445
0.0061199999999956844
0.006049999999994782
0.006278000000001782
0.006371000000001459
0.005951000000003148
0.006022000000001526
0.006087999999998317
0.006389999999996121
0.006179000000003043
0.006447000000001424
0.006054999999996369
0.00637400000000099
0.006441999999999837
0.006081999999999255
0.006264999999999077
0.006476999999996735
0.00596800000000286
0.006265000000006182
0.006304000000000087
0.006257999999995434
0.006256000000000483
0.006181000000005099
0.006106000000002609
0.0065470000000047435
0.0063829999999995835
0.006223000000005641
0.006278000000001782
0.006174000000001456
0.006462000000006185
0.006313999999996156
0.006064000000002068
0.00632399999999933
0.00638699999999659
0.006181000000005099
0.04111999999999938
0.0061620000000033315
0.04174799999999834
0.006363999999997816
0.006351999999999691
0.006391000000000702
0.006208999999998355
0.006104000000000553
0.006356000000003803
0.006163000000000807
0.006070999999998605
0.006544999999995582
0.006083000000003835
0.006419000000001063
0.0062999999999959755
0.006296999999996444
0.006084000000001311
0.006188999999999112
0.006218999999994423
0.006274999999995146
0.0064109999999999445
0.006952000000005398
0.008114000000006172
0.007061000000000206
0.007109999999997285
0.00655100000000175
0.006497000000003084
0.006549999999997169
0.006460999999994499
0.006291999999994857
0.006281000000001313
0.006242999999997778
0.006498999999998034
0.006207000000003404
0.006433000000001243
0.0061709999999948195
0.006288000000004956
0.006022999999999001
0.006471999999988043
0.006158999999996695
0.006210999999993305
0.006202000000001817
0.006587000000010335
0.006391000000007807
0.006343000000001098
0.006335000000007085
0.006472999999999729
0.006083000000003835
0.006382000000002108
0.00641199999999742
0.005881999999999721
0.006113999999996622
0.006225000000000591
0.006562000000002399
0.006394000000000233
0.006235000000003765
0.0061709999999948195
0.006088000000005422
0.00629700000000355
0.006237999999996191
0.0063880000000011705
0.0064760000000063656
0.006951000000000818
0.006210000000010041
0.0064940000000035525
0.006495999999998503
0.006215999999994892
0.04194200000000592
0.0065489999999925885
0.041309000000012475
0.006238999999993666
0.006226999999995542
0.0064940000000035525
0.006302000000005137
0.006409000000004994
0.0064059999999983575
0.006480000000010477
0.006439999999997781
0.006524999999996339
0.006335000000007085
0.006365999999999872
0.006362999999993235
0.006486999999992804
0.006198999999995181
0.006315000000000737
0.006493000000006077
0.006027000000003113
0.0062500000000085265
0.00678099999998949
0.008069000000006099
0.006724000000005503
0.007471999999992818
0.0067340000000086775
0.006512999999998215
0.0067059999999941056
0.006421000000003119
0.006346000000007734
0.006053999999991788
0.005935000000008017
0.006899000000004207
0.006177000000008093
0.006617000000005646
0.0062360000000012406
0.006486999999992804
0.0067570000000074515
0.006957999999997355
0.006372999999996409
0.006173000000003981
0.0063509999999951106
0.006553000000010911
0.006100999999986811
0.006928000000002044
0.006606000000004997
0.006546000000000163
0.006201000000004342
0.006583000000006223
0.006523999999998864
0.00625999999999749
0.006616999999991435
0.006249999999994316
0.006281000000001313
0.006487999999990279
0.0062730000000073005
0.006444999999999368
0.006146000000001095
0.006318000000007373
0.0062450000000069394
0.0063689999999922975
0.00619700000000023
0.00636399999999071
0.006500000000002615
0.006440999999995256
0.006363000000007446
0.006454000000005067
0.0061900000000036925
0.006343999999998573
0.006208999999998355
0.0063600000000008095
0.006251000000006002
0.006343000000001098
0.006475999999992155
0.006239000000007877
0.0063829999999995835
0.006256000000007589
0.006114000000010833
