0.008599000000003798
0.008150000000114233
0.008452000000033877
0.008585000000039145
0.008002999999916938
0.008203999999977896
0.008482000000185508
0.008487000000059197
0.008228000000144675
0.00836699999990742
0.008473999999978332
0.00826399999982641
0.008315000000038708
0.008384999999861975
0.008278000000018437
0.008786999999983891
0.008798999999953594
0.008329000000003361
0.008475999999973283
0.008168000000068787
0.044990999999981796
0.008481999999958134
0.045344999999997526
0.008501999999907639
0.00811399999997775
0.008560999999872365
0.00864699999988261
0.008293999999978041
0.00878099999999904
0.008159000000205197
0.008702000000084809
0.008252000000084081
0.0086700000001656
0.00835800000004383
0.00860499999998865
0.008073999999851367
0.00860200000010991
0.008348999999952866
0.00846799999999348
0.008984000000054948
0.008165999999846463
0.008754000000180895
0.008614999999963402
0.008587999999917884
0.008634000000029118
0.008554000000003725
0.008236000000124477
0.008391999999957989
0.008229000000028464
0.008780000000115251
0.00865099999987251
0.007903000000169413
0.00868199999990793
0.008951000000024578
0.008589999999912834
0.008698000000094908
0.0084990000000289
0.04531599999995706
0.008429999999862048
0.04470199999991564
0.008767000000034386
0.04649500000004991
0.008781999999882828
0.008324000000129672
0.008344999999962965
0.008896000000049753
0.008420000000114669
0.008552000000008775
0.008833000000095126
0.008409999999912543
0.00875899999982721
0.00817300000016985
0.008462999999892418
0.008296000000200365
0.00799500000016451
0.008603999999877487
0.008475999999973283
0.00878499999998894
0.008481000000074346
0.008375999999998385
0.008481000000074346
0.008322000000134722
0.00842899999997826
0.008031999999957407
0.008260000000063883
0.008284000000003289
0.00877600000012535
0.008396000000175263
0.00854099999992286
0.00872399999980189
0.008240000000114378
0.008115000000088912
0.008802000000059707
0.008303999999952794
0.008974999999963984
0.008529999999836946
0.008636999999907857
0.008554999999887514
0.008788000000095053
0.00835600000004888
0.008730000000014115
0.008706999999958498
0.008579999999938082
0.00878499999998894
0.04452800000012758
0.008444999999937863
0.045159000000012384
0.008919999999989159
0.045726999999942564
0.008502000000135013
0.008597000000008848
0.008359000000154992
0.008209000000078959
0.0083279999998922
0.008417000000008557
0.008330000000114524
0.008169999999836364
0.008469000000104643
0.008231000000023414
0.0083319999998821
0.008589999999912834
0.008698999999978696
0.008871999999882973
0.008639000000130181
0.00853200000005927
0.00860200000010991
0.00853200000005927
0.008630999999923006
0.008458999999902517
0.008843999999953667
0.008505000000013752
0.00807000000008884
0.00843099999997321
0.008071999999856416
0.008259000000180095
0.008366000000023632
0.008181000000149652
0.008491999999932887
0.008406000000150016
0.008317999999917447
0.008299000000079104
0.00863300000014533
0.00835600000004888
0.00853000000006432
0.008493999999927837
0.008329000000003361
0.00864200000000892
0.008411999999907493
0.008403999999927692
0.008609999999862339
0.008794999999963693
0.04571099999998296
0.008381000000099448
0.0452980000000025
0.008417000000008557
0.04593499999987216
0.008709000000180822
0.008704999999963547
0.008449000000155138
0.008483999999953085
0.008539000000155283
0.008487999999942986
0.00856900000007954
0.008388000000195461
0.00857199999995828
0.008340000000089276
0.008456000000023778
0.008478999999852022
0.008693999999877633
0.0083870000000843
0.008595000000013897
0.008352000000058979
0.008473999999978332
0.00846599999999853
0.008343999999851803
0.008317000000033659
0.008737000000110129
0.0086069999999836
0.008661000000074637
0.008417000000008557
0.008696000000099957
0.008305999999947744
0.008546000000023923
0.008460999999897467
0.008330000000114524
0.00818200000003344
0.008547000000135085
0.008625000000165528
0.008269000000154847
0.008557000000109838
0.008274000000028536
0.008225000000038563
0.008518999999978405
0.00840299999981653
0.01748400000019501
0.018041999999923064
0.014030999999931737
0.009513999999853695
0.008682999999791718
0.008664999999837164
0.008953999999903317
0.008863999999903172
0.008935000000064974
0.009040000000140935
0.008799999999837382
0.009019999999964057
0.00899200000003475
0.008493000000044049
0.008430000000089422
0.008190000000013242
0.045798999999988155
0.00874300000009498
0.045933000000104585
0.0084359999998469
0.008675999999923079
0.008514000000104716
0.008510999999998603
0.008602999999993699
0.00846899999987727
0.00848800000017036
0.008299000000079104
0.008460000000013679
0.008343999999851803
0.008500000000140062
0.008123000000068714
0.008610999999973501
0.0091019999999844
0.008577999999943131
0.0083319999998821
0.008709999999837237
0.008471999999983382
0.008526000000074418
0.008489999999937936
0.008661999999958425
0.0091019999999844
0.008512000000109765
0.008487999999942986
0.00834700000018529
0.008256000000073982
0.008257999999841559
0.008133999999927255
0.00847299999986717
0.008264000000053784
0.008634999999912907
0.008921000000100321
0.00815599999987171
0.008033999999952357
0.00842899999997826
0.008343000000195389
0.008603999999877487
0.008267999999816311
0.008225999999922351
0.04594300000007934
0.008667999999943277
0.008429999999862048
0.008401000000048953
0.00853400000005422
0.008753000000069733
0.008384999999861975
0.008188000000018292
0.00824800000009418
0.008399000000054002
0.00832100000002356
0.008757000000059634
0.008655000000089785
0.008567999999968379
0.008375999999998385
0.008466999999882319
0.008460999999897467
0.008981999999832624
0.008436999999958061
0.008724999999913052
0.008516000000099666
0.00843299999996816
0.00840699999980643
0.008552000000008775
0.008415000000013606
0.00860000000011496
0.008522999999968306
0.008388999999851876
0.008475000000089494
0.009031000000049971
0.008235000000013315
0.008570000000190703
0.008075999999846317
0.008305999999947744
0.008652999999867461
0.00828599999999824
0.008544000000028973
0.008203000000094107
0.008645999999998821
0.008370000000013533
0.008534999999938009
0.008427999999867097
0.008305999999947744
0.008330999999998312
0.008485999999948035
0.008495999999922788
0.008284000000003289
0.008186000000023341
0.008696999999983746
0.008526000000074418
0.008577000000059343
0.00850100000002385
0.008305000000063956
0.008483999999953085
0.008287000000109401
0.009016999999857944
0.00846799999999348
0.008575
0.04333799999999988
0.008410999999999946
0.00819599999999987
0.00850300000000015
0.008604000000000056
0.00858099999999995
0.008567999999999909
0.008591999999999711
0.008359000000000005
0.00860900000000031
0.008506000000000125
0.008373000000000186
0.008852999999999778
0.008547000000000082
0.008722000000000119
0.008550000000000058
0.008634000000000253
0.008509999999999796
0.008398999999999823
0.008864999999999679
0.008545999999999943
0.008627999999999858
0.008773000000000142
0.008232000000000017
0.008726000000000234
0.00888700000000009
0.008507000000000264
0.00882000000000005
0.008652000000000104
0.008718000000000004
0.009068000000000076
0.0083650000000004
0.008401000000000103
0.008843999999999852
0.008398999999999823
0.008785999999999738
0.008288999999999547
0.04336699999999993
0.00881299999999996
0.04392200000000024
0.008605999999999447
0.04490700000000025
0.008688000000000251
0.00926099999999952
0.008844999999999992
0.008604000000000056
0.008609000000000755
0.008579999999999366
0.008656000000000219
0.008865999999999374
0.008407000000000053
0.008746000000000365
0.00847799999999932
0.00879899999999978
0.00864699999999985
0.008712999999999305
0.008386999999999922
0.008257999999999655
0.008539999999999992
0.008644000000000318
0.00851700000000033
0.008490000000000109
0.009002999999999872
0.008799999999999919
0.008725000000000094
0.008643000000000178
0.008566000000000074
0.008488999999999969
0.0096090000000002
0.00927599999999984
0.009006000000000292
0.008681999999999412
0.008778000000000397
0.00853000000000037
0.008615999999999957
0.008832999999999203
0.009317000000000242
0.008760000000000545
0.0444059999999995
0.00868100000000016
0.0437719999999997
0.009238999999999997
0.04442199999999996
0.008575000000000443
0.008572000000000024
0.008548000000000222
0.00878999999999941
0.008719000000000143
0.008658000000000499
0.008302999999999727
0.008577999999999975
0.008767000000000635
0.008306000000001035
0.008573000000000164
0.008452999999999378
0.008739000000000274
0.008532999999999902
0.008853999999999473
0.008699000000000012
0.008596000000000714
0.008834999999999482
0.008926999999999907
0.008639000000000507
0.00914700000000046
0.008585000000000065
0.0086700000000004
0.008613999999999677
0.008334999999998871
0.008725000000000094
0.008907000000000664
0.008370000000001099
0.008722999999999814
0.008772000000000446
0.04321600000000103
0.00863199999999864
0.04353200000000079
0.008586999999998568
0.04549300000000045
0.008391999999998845
0.008423999999999765
0.00869500000000123
0.008630000000000138
0.008718000000000004
0.008616999999999209
0.008921000000000845
0.00865699999999947
0.00882499999999986
0.008309999999999818
0.00866100000000003
0.008453000000001154
0.008587000000000344
0.009793999999999414
0.009085000000000676
0.009234000000001075
0.009456000000000131
0.009111000000000757
0.009477000000000402
0.009368000000000265
0.00993400000000122
0.009959999999999525
0.009657999999999944
0.009441000000000699
0.008841999999999572
0.009291999999998524
0.009057000000000315
0.00901100000000099
0.009247999999999479
0.009368999999999517
0.010056000000000509
0.009111000000000757
0.009142999999999901
0.009024999999999395
0.00881299999999996
0.008917999999999537
0.008905999999999636
0.008519999999998973
0.008884000000000114
0.00879899999999978
0.008683999999998804
0.008701000000000292
0.008573000000000164
0.008645999999998821
0.008871000000000961
0.008625999999999578
0.008450999999999098
0.008627999999999858
0.04339199999999899
0.008739000000000274
0.044620000000000104
0.009012999999999494
0.045297000000001475
0.008738000000001023
0.008563000000000542
0.008609999999999118
0.008559999999999235
0.008585000000000065
0.008306000000001035
0.008556999999999704
0.008627999999999858
0.008779999999999788
0.008718999999999255
0.008682999999999552
0.008571999999999136
0.008528000000000091
0.008447999999999567
0.008695999999998705
0.008708999999999634
0.008278999999999925
0.008704999999999075
0.008358999999998673
0.008247000000000781
0.008699999999999264
0.008453000000001154
0.01160899999999998
0.010149000000000186
0.008941000000000088
0.009352000000001581
0.008588000000001372
0.008437999999999946
0.008797000000001276
0.008560000000001011
0.008919999999999817
0.00882900000000042
0.008600999999998749
0.008714999999998696
0.008986999999997636
0.00864999999999938
0.00868600000000086
0.008451000000000874
0.043710000000000804
0.00866800000000012
0.050454000000002
0.008751000000000175
0.00873099999999738
0.008618000000002013
0.008558999999998207
0.008753999999999706
0.008462000000001524
0.008495999999997395
0.008310000000001594
0.008482999999998242
0.008359000000002226
0.008516999999997665
0.008407999999999305
0.008510000000001128
0.009011999999998466
0.008512000000003184
0.009222000000001174
0.008880000000001331
0.008683999999998804
0.00849099999999936
0.008583000000001562
0.008773000000001474
0.008652999999998912
0.00837800000000044
0.008657999999996946
0.00850200000000001
0.008454000000000406
0.008383000000002028
0.009280000000000399
0.00874499999999756
0.008517000000001218
0.008981999999999601
0.010714000000000112
0.008437000000000694
0.00836400000000026
0.008599000000000245
0.008482000000000767
0.00888800000000245
0.00833199999999934
0.008237999999998635
0.04562400000000011
0.008817000000000519
0.008761999999997272
0.008724000000000842
0.00879499999999922
0.00883800000000079
0.01044700000000276
0.008323999999998222
0.008441000000001253
0.00837500000000091
0.008279999999999177
0.008669999999998623
0.008575999999997919
0.008569999999998856
0.008482999999998242
0.008558000000000732
0.00849799999999945
0.008924000000000376
0.008462999999998999
0.00875199999999765
0.008651000000000408
0.008779000000000536
0.008796000000000248
0.008855999999997977
0.008751000000000175
0.00931500000000085
0.009263999999998163
0.009287999999997965
0.00874899999999812
0.009308999999998235
0.008758000000000266
0.009380999999997641
0.008217999999999392
0.008448999999998819
0.008936999999999529
0.008397999999999683
0.008673999999999182
0.00839600000000118
0.009318000000000382
0.008699000000000012
0.00892599999999888
0.008778999999996984
0.008724999999998317
0.008497000000001975
0.008821999999998553
0.009527999999999537
0.008639999999999759
0.008376999999999413
0.009840000000000515
0.008803000000000338
0.008850999999999942
0.0086359999999992
0.00861799999999846
0.009510999999999825
0.009045000000000414
0.009368999999999517
0.00922599999999818
0.008984999999999133
0.008843999999999852
0.009078999999999837
0.009107000000000198
0.009391000000000815
0.008777000000002033
0.008677999999999741
0.008862999999998067
0.009187000000000722
0.008221999999999952
0.04468700000000325
0.008485000000000298
0.047233999999999554
0.008631000000001166
0.00873099999999738
0.008727000000000373
0.00896099999999933
0.008485999999997773
0.008696999999997956
0.008583999999999037
0.00870700000000113
0.008426000000000045
0.00859999999999772
0.00820099999999968
0.008210999999999302
0.008487999999999829
0.008417000000001451
0.008776000000001005
0.008869999999998157
0.008556999999999704
0.008615999999999957
0.009170999999998486
0.00862199999999902
0.009067000000001713
0.008561000000000263
0.00944900000000004
0.00907799999999881
0.008683000000001329
0.008634000000000697
0.008694000000001978
0.008607999999998839
0.009014000000000522
0.009755999999999432
0.04699300000000051
0.008812000000002485
0.046147999999998746
0.009312999999998794
0.046801999999999566
0.010591999999999047
0.008796000000000248
0.00907799999999881
0.00908799999999843
0.008789999999997633
0.008466000000002083
0.009046999999998917
0.008786999999998102
0.008842000000001349
0.008701000000002068
0.008924000000000376
0.009212999999999028
0.00863199999999864
0.008383999999999503
0.009109000000002254
0.008379000000001469
0.00917400000000157
0.008593000000001183
0.008639999999999759
0.008906999999997112
0.008311000000002622
0.008361999999998204
0.008797000000001276
0.008652999999998912
0.008577999999999975
0.008455999999998909
0.04338500000000067
0.008793000000000717
0.044401999999998054
0.008512000000003184
0.008697999999998984
0.008545000000001579
0.04509299999999783
0.008725999999999345
0.008489999999998332
0.008738000000001023
0.00877399999999895
0.008390999999999593
0.008782999999997543
0.008475999999998152
0.008445999999999287
0.00859999999999772
0.008583000000001562
0.008599000000000245
0.008891999999999456
0.008486999999998801
0.008327000000001306
0.008535999999999433
0.008478000000000208
0.008840000000002846
0.008587999999999596
0.008738000000001023
0.008874000000002269
0.00865699999999947
0.008910000000000196
0.009070000000001244
0.008661999999997505
0.008932000000001494
0.008826000000002665
0.04415300000000144
0.008493999999998891
0.04385499999999709
0.00859699999999819
0.04422500000000085
0.008399000000000711
0.04522000000000048
0.008742000000001582
0.008613000000000426
0.008753000000002231
0.008868000000003207
0.008836999999999762
0.008776000000001005
0.008601000000002301
0.008630000000000138
0.008388000000000062
0.008328999999999809
0.00850200000000001
0.008342999999996437
0.008611999999999398
0.009017000000000053
0.008241999999995642
0.008474999999997124
0.008411999999999864
0.008509000000003653
0.008702999999997019
0.00891099999999767
0.008651999999997884
0.008893000000000484
0.008645999999998821
0.008476000000001704
0.009005999999999403
0.008547999999997558
0.00870500000000618
0.009206999999996412
0.00843799999999817
0.008471000000000117
0.008751000000003728
0.008686000000004412
0.008870999999999185
0.008447000000003868
0.04424099999999953
0.008777999999999508
0.0442950000000053
0.008485999999997773
0.008261000000004515
0.008842999999998824
0.00907399999999825
0.008896000000000015
0.0090629999999976
0.008724999999998317
0.00885600000000153
0.008814000000000988
0.008761999999997272
0.008220000000001448
0.00814600000000354
0.008924000000000376
0.008728000000004954
0.008724999999998317
0.00867900000000077
0.00859299999999763
0.008936000000005606
0.008330000000000837
0.008303000000005056
0.00858000000000203
0.008665000000000589
0.008131999999996253
0.008721999999998786
0.008657000000006576
0.008510000000001128
0.0085679999999968
0.009015000000005102
0.0440189999999987
0.008360000000003254
0.04403899999999794
0.008537999999994383
0.04399399999999787
0.008417000000001451
0.008812999999996407
0.008552999999999145
0.009015000000005102
0.008593999999995106
0.00867900000000077
0.00822400000000556
0.008756999999995685
0.008392000000000621
0.00837500000000091
0.00852700000000084
0.008444000000004337
0.009038999999994246
0.008597999999999217
0.008783000000001095
0.008836000000002286
0.008740000000003079
0.00852700000000084
0.008417000000001451
0.008423000000000513
0.008721000000001311
0.008778999999996984
0.008657999999996946
0.008940000000002613
0.00845199999999835
0.008473000000002173
0.008865000000000123
0.008613000000003979
0.008687999999999363
0.00878099999999904
0.044185000000005914
0.009060000000005175
0.04541900000000254
0.0086690000000047
0.008532000000002427
0.008638000000004808
0.008518999999999721
0.008916000000006363
0.008699999999997488
0.008444000000004337
0.008313000000001125
0.008696999999997956
0.00873200000000196
0.0089230000000029
0.008386000000001559
0.009101999999998611
0.008654999999997415
0.008608000000002392
0.008573000000005493
0.008519999999997196
0.00907500000000283
0.008744000000000085
0.008622000000002572
0.009019000000002109
0.008576000000005024
0.008808000000001925
0.008773000000005027
0.008634000000000697
0.008403999999998746
0.008717000000004305
0.008638999999995178
0.008454000000000406
0.00902099999999706
0.008465000000001055
0.008763999999999328
0.00817599999999885
0.008778999999996984
0.008510999999998603
0.008614999999998929
0.008346000000003073
0.008473000000002173
0.008510999999998603
0.008856999999999005
0.008310000000001594
0.008875000000003297
0.008562000000004844
0.008420000000000982
0.008713000000000193
0.008580999999999506
0.00877100000000297
0.00870599999999655
0.008576000000005024
0.008534999999994852
0.00865699999999947
0.008735999999998967
0.00871800000000178
0.0088310000000007
0.04342600000000374
0.008619000000003041
0.043862999999994656
0.008592000000000155
0.045394999999999186
0.008561000000000263
0.008718999999999255
0.0086820000000003
0.00864299999999929
0.008579000000004555
0.008583000000001562
0.008667000000002645
0.009014999999997997
0.008752000000001203
0.00840000000000174
0.008428999999999576
0.008638000000004808
0.0087169999999972
0.008659999999999002
0.008997999999998285
0.008714999999995143
0.008608999999999867
0.008833000000002755
0.00893299999999897
0.008534999999994852
0.009026000000005752
0.008682999999997776
0.00873200000000196
0.008496000000000947
0.0085899999999981
0.04510299999999745
0.009036999999999296
0.008814000000000988
0.008805000000002394
0.0086690000000047
0.00866800000000012
0.008915000000001783
0.008534999999994852
0.00860500000000286
0.008357000000003723
0.008612000000006503
0.008828999999998643
0.008673000000001707
0.0087169999999972
0.008597000000001742
0.008625999999999578
0.008709000000003186
0.008663999999996008
0.008386999999999034
0.008810999999994351
0.008516999999997665
0.00897199999999998
0.008515000000002715
0.008865000000000123
0.008999000000002866
0.008482000000000767
0.008759999999995216
0.00902000000000669
0.008670999999999651
0.008702999999997019
0.00864299999999929
0.008448999999998819
0.008891999999995903
0.04389900000000324
0.008645000000001346
0.04552699999999987
0.008844999999993775
0.04559199999999919
0.00889699999999749
0.00863000000000369
0.008438999999995644
0.008816999999993413
0.008663999999996008
0.008484000000002823
0.00868099999999572
0.008510999999998603
0.00865699999999947
0.008638000000004808
0.00884500000000088
0.008386999999999034
0.00857899999999745
0.008589000000000624
0.008791000000002214
0.008876999999998247
0.008597000000001742
0.00898600000000016
0.008471999999997593
0.008625000000002103
0.008746000000002141
0.008635000000005277
0.00866999999999507
0.008594999999999686
0.008518000000002246
0.00877100000000297
0.008611000000001923
0.008718999999999255
0.008306000000004587
0.008366000000002316
0.009107999999997674
0.008442999999999756
0.008949000000001206
0.008803000000000338
0.008233000000004154
0.008735000000001492
0.00853999999999644
0.00835299999999961
0.008825999999999112
0.008323999999994669
0.008900999999994497
0.0089359999999985
0.008424000000005094
0.008204999999996687
0.009143000000001678
0.00881899999999547
0.008690000000001419
0.008653000000002464
0.04390099999999819
0.009028000000000702
0.045139999999996405
0.008643999999996765
0.008673999999999182
0.008791000000002214
0.008931999999994389
0.0086820000000003
0.008688999999996838
0.00863099999999406
0.008513999999998134
0.00846599999999853
0.008416999999994346
0.008507999999999072
0.044580000000003395
0.009104999999998142
0.00865699999999947
0.008803999999997814
0.009046000000004994
0.008795999999996695
0.00909899999999908
0.008870999999999185
0.009250000000001535
0.008679999999998245
0.009121000000000379
0.008681000000002825
0.009059000000000594
0.008740000000003079
0.008774999999999977
0.008678000000003294
0.008471000000000117
0.008690999999998894
0.009169999999997458
0.008620000000000516
0.008830000000003224
0.008976000000004092
0.008583000000001562
0.008505999999997016
0.009052000000004057
0.008724999999998317
0.011056000000003507
0.009554000000001395
0.009273000000000309
0.009600999999996418
0.009230000000002292
0.009483999999993387
0.00912599999999486
0.009753000000003453
0.009420999999996127
0.00946700000000078
0.00959100000000035
0.009622000000000241
0.009745000000002335
0.009799000000001001
0.009852999999999668
0.009472999999999843
0.009461999999999193
0.009637999999995372
0.009195000000005393
0.009354999999999336
0.009066000000004237
0.009287999999997965
0.009495000000001141
0.009443999999994901
0.009801999999993427
0.009131000000003553
0.009898999999997216
0.009182000000002688
0.009650999999998078
0.009584999999994182
0.010274000000002559
0.009765000000001578
0.009466000000003305
0.009360000000000923
0.009487999999997498
0.009657000000004246
0.008637000000000228
0.008977999999999042
0.008889000000003477
0.008819000000002575
0.008673999999999182
0.009759000000002516
0.008742000000005135
0.008735000000001492
0.008842000000001349
0.009059000000000594
0.008662999999998533
0.043706000000000245
0.009033999999999764
0.04512600000000333
0.008586000000001093
0.008454000000000406
0.008469000000005167
0.008360000000003254
0.008525999999996259
0.008498000000003003
0.00898300000000063
0.008618999999995935
0.00888400000000189
0.008839000000001818
0.009019999999999584
0.008904999999998608
0.008837999999997237
0.009377000000000635
0.008388000000003615
0.04565000000000197
0.008904999999998608
0.008966999999998393
0.009382000000002222
0.008825999999999112
0.009270999999998253
0.008740999999993448
0.00898600000000016
0.008896000000000015
0.008813000000003512
0.009139999999995041
0.008729999999999905
0.009101000000001136
0.00861799999999846
0.008777999999999508
0.008727000000000373
0.00884500000000088
0.008721999999998786
0.008579000000004555
0.009003999999997347
0.008556999999996151
0.009036999999999296
0.008480999999996186
0.008892000000003009
0.008383999999999503
0.008886999999994316
0.008712000000002718
0.008747999999997091
0.008720999999994206
0.008893000000000484
0.008744000000000085
0.008713000000000193
0.008383000000002028
0.008873999999998716
0.008645000000001346
0.008607999999995286
0.00891099999999767
0.008307000000002063
0.008718999999999255
0.008388000000003615
0.008440000000000225
0.010064999999997326
0.008839999999999293
0.009349999999997749
0.008620999999997991
0.00872900000000243
0.009197000000000344
0.008558999999998207
0.008926999999999907
0.00867900000000077
0.008510999999998603
0.008665999999998064
0.008639999999999759
0.008949000000001206
0.009026000000005752
0.008399000000004264
0.00885600000000153
0.008709000000003186
0.00871800000000178
0.008814000000000988
0.008662000000001058
0.008921000000000845
0.008513000000000659
0.04438400000000087
0.008577999999999975
0.04404399999999953
0.008544000000000551
0.008370999999996798
0.008575000000000443
0.00887199999999666
0.008577999999999975
0.008749999999999147
0.008814000000000988
0.008625000000002103
0.010528000000000759
0.010708999999998525
0.00887000000000171
0.00885600000000153
0.009740000000000748
0.009167000000005032
0.009350000000004854
0.008938000000000557
0.00879499999999922
0.008619000000003041
0.009174999999999045
0.00860500000000286
0.008509999999994022
0.008682999999997776
0.008682999999997776
0.008522000000006358
0.008739999999995973
0.008681999999993195
0.00888499999999226
0.00860699999999781
0.00891800000000842
0.008727000000007479
0.00852700000000084
0.0458189999999945
0.008939999999995507
0.00861600000000351
0.008715999999992619
0.008971000000002505
0.0087960000000038
0.008735000000001492
0.008338999999992325
0.00896099999999933
0.008529999999993265
0.008788000000009788
0.008439000000009855
0.008386999999999034
0.009104999999991037
0.008662999999998533
0.008996999999993704
0.008879000000007409
0.008687999999992257
0.009686999999999557
0.008609000000006972
0.008645000000001346
0.008935999999991395
0.008566999999999325
0.008752000000001203
0.008703999999994494
0.008359999999996148
0.00871800000000178
0.009075000000009936
0.00862899999999911
0.008910000000000196
0.00864200000000892
0.008686999999994782
0.008940999999992982
0.04530300000000409
0.00857899999999745
0.044722000000007256
0.00899599999999623
0.045529999999999404
0.00869400000000553
0.008501999999992904
0.008532000000002427
0.008693000000008055
0.008618999999995935
0.008416000000011081
0.009938000000005331
0.010504000000011615
0.009726000000000568
0.010122000000009734
0.00887000000000171
0.008742999999995504
0.008960000000001855
0.008803999999997814
0.008652999999995359
0.008859999999998536
0.008792999999997164
0.009155999999990172
0.008854999999996949
0.008814000000000988
0.008739999999988868
0.008926000000002432
0.009731000000002155
0.00862899999999911
0.008676999999991608
0.008801000000005388
0.008810999999994351
0.008673000000001707
0.00900700000001109
0.008906999999993559
0.008749999999992042
0.00887000000000171
0.008713000000000193
0.008960000000001855
0.00884599999999125
0.008951000000010367
0.00861799999999846
0.009142000000011308
0.008853999999999473
0.008663999999996008
0.008633000000003221
0.00936500000000251
0.008726999999993268
0.008763999999999328
0.008717999999987569
0.008643000000006396
0.008613000000011084
0.008513000000007764
0.008954000000002793
0.008982000000003154
0.008812000000006037
0.009144000000006258
0.008547999999990452
0.00864200000000892
0.008701999999999543
0.009068999999996663
0.008656000000001995
0.008823999999989951
0.008919999999989159
0.008825000000001637
0.008817999999990889
0.009152000000000271
0.008774999999999977
