0.005153000000063912
0.005206999999927575
0.005190999999967971
0.005480000000034124
0.00500200000010409
0.005290000000059081
0.005302000000028784
0.0052510000000438595
0.0051630000000386644
0.005171999999902255
0.005088000000114334
0.005394999999907668
0.04138199999988501
0.005142999999861786
0.005150000000185173
0.005187999999861859
0.005149000000074011
0.005158000000164975
0.0049800000001596345
0.005284000000074229
0.005208000000038737
0.005088000000114334
0.005157000000053813
0.005094999999982974
0.00538900000015019
0.005124000000023443
0.005143999999972948
0.005060000000185028
0.005177000000003318
0.005222000000003391
0.005202999999937674
0.005040000000008149
0.005249999999932697
0.004979000000048472
0.005157999999937601
0.0051550000000588625
0.005293000000165193
0.005096000000094136
0.005152999999836538
0.005116000000043641
0.005094000000099186
0.005312000000003536
0.005161000000043714
0.005194999999957872
0.005205999999816413
0.005223000000114553
0.005130000000008295
0.04088200000001052
0.0051419999999779975
0.040719999999964784
0.005275999999867054
0.005107999999836466
0.0051499999999577994
0.005197999999836611
0.005419000000074448
0.005304999999907523
0.005355999999892447
0.005167999999912354
0.005001999999876716
0.004995000000008076
0.005106000000068889
0.005163999999922453
0.005069999999932406
0.005016000000068743
0.005135999999993146
0.005071999999927357
0.005176000000119529
0.00503500000013446
0.005317999999988388
0.005159999999932552
0.005180999999993219
0.0053089999998974235
0.005223999999998341
0.005232999999861931
0.005156000000170025
0.005121000000144704
0.0052470000000539585
0.005441999999902691
0.005177000000003318
0.005365999999867199
0.0051539999999477
0.005335999999942942
0.00522000000000844
0.005116000000043641
0.005165000000033615
0.005039000000124361
0.005223999999998341
0.0052640000001247245
0.005250999999816486
0.005054000000200176
0.005115000000159853
0.00504399999999805
0.04076800000007097
0.0052379999999629945
0.005288999999947919
0.005200999999942724
0.005198999999947773
0.005147999999962849
0.00515199999995275
0.005154999999831489
0.005345000000033906
0.005391000000145141
0.005188000000089232
0.005257999999912499
0.005331999999953041
0.005090999999993073
0.005259000000023661
0.005212000000028638
0.0050710000000435684
0.005036000000018248
0.005153000000063912
0.005204999999932625
0.005177999999887106
0.005102000000078988
0.005204999999932625
0.005128000000013344
0.005109999999831416
0.005157999999937601
0.00490300000001298
0.005169000000023516
0.005081000000018321
0.005267000000003463
0.0053390000000490545
0.005245000000059008
0.005130000000008295
0.005163999999922453
0.005087000000003172
0.005138999999871885
0.005353999999897496
0.005147999999962849
0.005101000000195199
0.00508399999989706
0.005141000000094209
0.0050369999999020365
0.005293000000165193
0.0051590000000487635
0.005147999999962849
0.00521800000001349
0.005159999999932552
0.0051199999998061685
0.005301000000144995
0.04088299999989431
0.005212000000028638
0.00522699999987708
0.00517800000011448
0.005274999999983265
0.00538700000015524
0.005139000000099259
0.0053219999999782885
0.005235999999968044
0.005266000000119675
0.005122999999912281
0.005075000000033469
0.005130000000008295
0.00496900000007372
0.005135999999993146
0.005073999999922307
0.005206000000043787
0.005278000000089378
0.00518699999997807
0.005231000000094355
0.005351000000018757
0.005326999999851978
0.005063999999947555
0.005196000000069034
0.00511200000005374
0.005238000000190368
0.005087000000003172
0.0052470000000539585
0.0051339999999981956
0.005311000000119748
0.005107000000180051
0.005209999999806314
0.005184000000099331
0.005138999999871885
0.005188000000089232
0.005425000000059299
0.005138999999871885
0.005386000000044078
0.0051600000001599255
0.00524600000017017
0.005142999999861786
0.005083000000013271
0.005140999999866835
0.005118000000038592
0.005040000000008149
0.005212000000028638
0.0053560000001198205
0.00524600000017017
0.005259000000023661
0.005209999999806314
0.005341999999927793
0.005107999999836466
0.005445999999892592
0.010558000000173706
0.009356999999909021
0.008769000000029337
0.005466000000069471
0.005456000000094718
0.005361999999877298
0.04260199999998804
0.005695000000059736
0.0055979999999635766
0.005401000000119893
0.0054129999998622225
0.005378999999948064
0.005295000000160144
0.005196999999952823
0.005157000000053813
0.005210000000033688
0.005405000000109794
0.005218999999897278
0.005094000000099186
0.0050459999999930005
0.005370000000084474
0.0051379999999880965
0.005120000000033542
0.0051249999999072315
0.005280000000084328
0.005190999999967971
0.0051369999998769345
0.005298000000038883
0.005227999999988242
0.005198999999947773
0.0053390000000490545
0.005270999999993364
0.005338999999821681
0.005328000000190514
0.0052379999999629945
0.005304000000023734
0.005322999999862077
0.0050550000000839646
0.005225999999993292
0.005165999999917403
0.005167000000028565
0.0052249999998821295
0.005355999999892447
0.00511000000005879
0.005103999999846565
0.005149000000074011
0.005236999999851832
0.005175000000008367
0.005026000000043496
0.0050590000000738655
0.0052619999999024
0.005069999999932406
0.004926999999952386
0.005268999999998414
0.00536099999999351
0.005252999999811436
0.005431999999927939
0.005086000000119384
0.0051810000002205925
0.005312000000003536
0.0053210000000945
0.005268999999998414
0.005198000000063985
0.005258000000139873
0.005110999999942578
0.005148000000190223
0.005110999999942578
0.005252999999811436
0.005300999999917622
0.005283000000190441
0.005171999999902255
0.005280999999968117
0.005282000000079279
0.005266000000119675
0.005398999999897569
0.005190000000084183
0.005323999999973239
0.005382000000054177
0.005165999999917403
0.005202999999937674
0.005273999999872103
0.0052430000000640575
0.005318000000215761
0.005304000000023734
0.005269999999882202
0.005278999999973166
0.005313000000114698
0.005333000000064203
0.005278999999973166
0.0052430000000640575
0.005268999999998414
0.005092999999988024
0.005251999999927648
0.005165000000033615
0.005107000000180051
0.005095999999866763
0.005245999999942796
0.0052470000000539585
0.005194000000074084
0.005158000000164975
0.005351999999902546
0.005233000000089305
0.005462999999963358
0.005222999999887179
0.00514300000008916
0.0051680000001397275
0.0050670000000536675
0.0052199999997810664
0.005294000000048982
0.04095099999995
0.00518699999997807
0.04057099999999991
0.005222999999887179
0.040927000000010594
0.005241000000069107
0.005249999999932697
0.00518799999999997
0.005225000000000035
0.00513499999999989
0.005303999999999975
0.005135999999999807
0.005275999999999836
0.005320999999999909
0.005344000000000015
0.005295999999999967
0.005113000000000145
0.005274000000000001
0.005319000000000074
0.005222999999999978
0.005221999999999838
0.005152999999999963
0.00518200000000002
0.005195000000000061
0.005271000000000026
0.005126000000000186
0.005389999999999784
0.005193999999999921
0.005246000000000084
0.005392000000000063
0.005358000000000196
0.00526800000000005
0.005175000000000374
0.005158000000000218
0.0052440000000002485
0.005337999999999621
0.005489999999999995
0.005358999999999892
0.005195999999999756
0.005276999999999976
0.005122000000000071
0.005188999999999666
0.00525999999999982
0.005282000000000231
0.005322999999999745
0.005438999999999972
0.005202000000000595
0.005281000000000091
0.00526300000000024
0.0051920000000000854
0.005283000000000371
0.005266000000000659
0.0054120000000006385
0.005203000000000735
0.005381999999999998
0.005232999999999599
0.0052440000000002485
0.005465000000000053
0.005203000000000735
0.0052829999999994826
0.005231000000000208
0.0054360000000004405
0.0052640000000003795
0.005308999999999564
0.005298999999999943
0.005344000000000015
0.00510900000000003
0.005190000000000694
0.005239999999999689
0.005205000000000126
0.005274000000000001
0.00526900000000019
0.005577000000000609
0.005348999999999826
0.03958499999999976
0.005609999999999893
0.040451999999999266
0.005467999999999584
0.04268499999999964
0.005567999999999351
0.005368999999999957
0.005173000000000094
0.005131999999999692
0.005492999999999526
0.005376000000000047
0.00540699999999994
0.005487000000000464
0.005279999999999951
0.0053520000000002454
0.0053800000000006065
0.005298999999999943
0.0053600000000004755
0.005295000000000272
0.005402000000000129
0.005150999999999684
0.0051880000000004145
0.00523899999999955
0.005220999999999698
0.005157000000000522
0.005177999999999017
0.005323999999999884
0.005254000000000758
0.005428999999999462
0.005349999999999966
0.005328999999999695
0.005192000000000974
0.005226999999999649
0.005261000000000848
0.005484999999998408
0.005186000000000135
0.005258999999998792
0.04006399999999921
0.005304999999999893
0.0054920000000002744
0.005323999999999884
0.005232999999998711
0.00521899999999853
0.005296999999998775
0.005283000000000371
0.005290999999999713
0.005223000000000866
0.005266999999999911
0.005238000000000298
0.0052869999999991535
0.005115999999999232
0.004993999999999943
0.005079999999999529
0.0052640000000003795
0.005258000000001317
0.005333000000000254
0.005336000000001562
0.00524399999999936
0.005221999999999838
0.005244000000001137
0.005167000000000144
0.005597999999999104
0.0052120000000002165
0.005342000000000624
0.005297999999999803
0.005347999999999686
0.0057760000000008915
0.005772000000000332
0.005804999999998728
0.005751000000000062
0.005741999999999692
0.0058640000000007575
0.005908999999999054
0.005804999999998728
0.005891999999999342
0.005767999999999773
0.005708000000000268
0.005691000000000557
0.00573400000000035
0.00605400000000067
0.00553899999999885
0.006520999999999333
0.005907999999999802
0.0055600000000008976
0.005416999999999561
0.005780000000001451
0.04101999999999961
0.005449000000000481
0.04174500000000059
0.00540499999999966
0.005449000000000481
0.0054800000000003735
0.005333999999999506
0.005152999999999963
0.005263000000001128
0.0052880000000001814
0.005179000000000045
0.005295999999999523
0.005200999999999567
0.00522099999999881
0.005233999999999739
0.005129999999999413
0.005316999999999794
0.005383000000000138
0.005305999999999145
0.005271999999999721
0.005397000000000318
0.00527800000000056
0.005131000000000441
0.005255999999999261
0.005193999999999477
0.005321999999999605
0.005290000000000461
0.005193000000000225
0.0052650000000014074
0.005173999999998458
0.005168000000001172
0.005202000000000595
0.005209000000000685
0.005340999999999596
0.005461000000000382
0.005169000000000423
0.005383000000000138
0.005240999999999829
0.005288999999999433
0.005283000000000371
0.005511000000000266
0.008005999999999958
0.005703000000000458
0.005515000000000825
0.005650000000001043
0.005503000000000924
0.005302999999999614
0.0413250000000005
0.005380999999999858
0.005373999999999768
0.0052620000000001
0.0052240000000001174
0.005347000000000435
0.005396000000001067
0.005272000000001498
0.0052629999999993515
0.005244000000001137
0.005447999999997677
0.005208999999997133
0.005130999999998664
0.005383999999999389
0.005389999999998452
0.005143000000000342
0.005143000000000342
0.00524599999999964
0.005214999999999748
0.005200999999999567
0.005205000000000126
0.005239000000003102
0.0053379999999982886
0.005253000000003283
0.005504000000001952
0.005254000000000758
0.005262000000001876
0.005276000000002057
0.005255000000001786
0.005324999999999136
0.005382999999998361
0.0050880000000006476
0.00539799999999957
0.005306000000000921
0.005390000000002004
0.005339999999996792
0.005513000000000545
0.005197000000002561
0.005238000000002074
0.0052279999999989
0.00633099999999942
0.005454999999997767
0.0052880000000001814
0.005236000000000018
0.005501999999999896
0.005268000000000939
0.005123999999998574
0.00531000000000148
0.005504999999999427
0.0052279999999989
0.00549999999999784
0.00511900000000054
0.00534099999999782
0.0053859999999978925
0.0054960000000008336
0.005463999999999913
0.005460000000002907
0.005351999999998469
0.006423000000001622
0.005306999999998396
0.005320000000001102
0.0052410000000016055
0.0053170000000015705
0.005205000000000126
0.005095999999998213
0.005272999999998973
0.005407000000001716
0.005328999999999695
0.005482000000000653
0.005193000000002002
0.005352999999999497
0.0053909999999994795
0.005236999999997494
0.005359999999999587
0.00530300000000139
0.005344999999998379
0.005579999999998364
0.005601999999999663
0.005673999999999069
0.005527000000000726
0.005653999999999826
0.005371000000000237
0.005578999999997336
0.005347000000000435
0.005296999999998775
0.005299000000000831
0.005358000000001084
0.005254999999998233
0.005230000000000956
0.0053099999999979275
0.0055500000000030525
0.005338000000001841
0.005348000000001463
0.005366999999999678
0.00553899999999885
0.005318000000002598
0.005490000000001771
0.006477999999997763
0.005523000000000167
0.005230000000000956
0.005320999999998577
0.0054149999999992815
0.005416999999997785
0.0405540000000002
0.005260999999997296
0.04262899999999803
0.0052349999999989905
0.04236299999999815
0.005434000000001049
0.005562999999998652
0.005335999999999785
0.005358000000001084
0.005511000000002042
0.0054909999999992465
0.005710000000000548
0.005341999999998848
0.0053389999999993165
0.005190999999999946
0.005644000000000204
0.0051420000000028665
0.005140000000000811
0.005731999999998294
0.005409000000000219
0.005379000000001355
0.005254999999998233
0.00534799999999791
0.005206000000001154
0.005248999999999171
0.0052920000000007406
0.005379000000001355
0.0052410000000016055
0.005236000000000018
0.005240999999998053
0.0054230000000004
0.005224999999999369
0.0054909999999992465
0.005355000000001553
0.005259000000002345
0.005275999999998504
0.005516999999997552
0.04465599999999981
0.005562999999998652
0.042881999999998754
0.005221999999999838
0.005461000000000382
0.005624999999998437
0.005321999999999605
0.005337000000000813
0.00525299999999973
0.005343999999997351
0.005463999999999913
0.005290000000002237
0.00538699999999892
0.005440999999997587
0.005506000000000455
0.005781000000002479
0.005436000000003105
0.005191999999997421
0.005720000000000169
0.005399000000000598
0.005663999999999447
0.005472000000001032
0.005506000000000455
0.005407000000001716
0.005491000000002799
0.005546000000002493
0.005421999999999372
0.0056720000000005655
0.005826000000002551
0.005410000000001247
0.005365000000001174
0.04032999999999731
0.005221000000002363
0.0053849999999968645
0.005369999999999209
0.005223999999998341
0.005261999999998324
0.005088999999998123
0.005235000000002543
0.005230000000000956
0.005192000000000974
0.005189999999998918
0.005174000000000234
0.005292999999998216
0.005150000000000432
0.00518300000000238
0.005176999999999765
0.005459999999999354
0.005236999999997494
0.005660999999999916
0.005173999999996681
0.005358999999998559
0.005169999999999675
0.0053170000000015705
0.005376000000001824
0.005261999999998324
0.005117999999999512
0.005154000000000991
0.005282000000001119
0.005316999999998018
0.0052880000000001814
0.0052349999999989905
0.005193999999999477
0.005319000000000074
0.04134300000000124
0.0053400000000003445
0.03996000000000066
0.005516999999997552
0.005313000000001011
0.005369999999999209
0.005424000000001428
0.0053109999999989554
0.005428000000001987
0.005244000000001137
0.005251000000001227
0.005275999999998504
0.005380000000002383
0.005326000000000164
0.005334000000001282
0.005241999999999081
0.0054899999999982185
0.0052869999999991535
0.005373999999999768
0.005266000000002435
0.005300000000001859
0.005338000000001841
0.005402000000000129
0.0052690000000019666
0.005271999999997945
0.005348999999998938
0.005253999999997205
0.005303999999998865
0.0052930000000017685
0.00528500000000065
0.005463000000005991
0.005147999999998376
0.005395999999997514
0.005098000000003822
0.0054960000000008336
0.005279999999999063
0.0053339999999977294
0.005487999999999715
0.0052349999999989905
0.005237999999998522
0.005238999999995997
0.005327000000001192
0.005282999999998594
0.03995100000000207
0.005299000000000831
0.005430000000004043
0.005301000000002887
0.005134000000005301
0.005345000000005484
0.005239000000003102
0.005246999999997115
0.005178000000000793
0.005338000000001841
0.005400000000001626
0.005279999999999063
0.005188999999994337
0.00518300000000238
0.005340000000003897
0.005331000000005304
0.005282999999998594
0.005302999999997837
0.005262000000001876
0.00539799999999957
0.005161999999998557
0.005276999999999532
0.005455000000004873
0.005275000000004582
0.005154999999994914
0.005309000000004005
0.005245000000002165
0.0052190000000038594
0.005231000000001984
0.005127999999999133
0.005296999999998775
0.0052650000000014074
0.00518300000000238
0.0054379999999980555
0.005237000000001046
0.005228000000002453
0.005161000000001081
0.005345999999995854
0.00532299999999708
0.0052880000000001814
0.005516000000000076
0.005442000000002167
0.0052400000000005775
0.005304999999999893
0.005207999999996105
0.005150999999997907
0.005324000000001661
0.005398999999997045
0.005040999999998519
0.00547499999999701
0.005171999999994625
0.005263999999996827
0.005147999999998376
0.00522299999999376
0.00525999999999982
0.005433999999993944
0.0051660000000026685
0.005279999999999063
0.005250000000003752
0.00525899999999524
0.005472999999994954
0.005299000000000831
0.005500000000004945
0.0054230000000004
0.04043500000000222
0.005200999999999567
0.005428000000001987
0.0053160000000005425
0.005415000000006387
0.005405000000003213
0.005177999999993688
0.005386000000001445
0.005431000000001518
0.005231000000001984
0.005396999999994989
0.0056480000000007635
0.005341999999998848
0.005327000000001192
0.005293999999999244
0.005237999999998522
0.005375000000000796
0.005319000000000074
0.005235999999996466
0.0051869999999993865
0.005323999999994555
0.005206000000001154
0.00537299999999874
0.0052809999999965385
0.005263999999996827
0.005243999999997584
0.005344999999998379
0.005279999999999063
0.005221999999996285
0.005302999999997837
0.005611000000001809
0.005185999999994806
0.005276000000002057
0.005423999999997875
0.005293999999999244
0.005319000000000074
0.005276999999999532
0.005254000000000758
0.005228000000002453
0.005251999999998702
0.005454000000000292
0.005282999999998594
0.005324000000001661
0.005313999999998487
0.005226000000000397
0.005266999999996358
0.005189999999998918
0.0053109999999989554
0.005286999999995601
0.005231999999999459
0.005431999999998993
0.00517099999999715
0.005256000000002814
0.00525800000000487
0.005198000000000036
0.005207999999996105
0.0053920000000005075
0.00524599999999964
0.00525899999999524
0.005422999999993294
0.005259000000002345
0.005352999999999497
0.005268000000000939
0.005271999999997945
0.00528500000000065
0.005231000000001984
0.005380999999999858
0.005355999999999028
0.0052509999999941215
0.005371999999994159
0.005355999999999028
0.005254000000000758
0.005175000000001262
0.005345000000005484
0.0051109999999994216
0.005317000000005123
0.005203999999999098
0.005291999999997188
0.005307999999999424
0.005315000000003067
0.0053389999999993165
0.005392999999997983
0.0053810000000069635
0.00525899999999524
0.005210999999995636
0.005294999999996719
0.005375000000000796
0.005279000000001588
0.005364999999997622
0.005352999999999497
0.005317999999995493
0.005330000000000723
0.005225000000002922
0.00532100000000213
0.005243000000000109
0.005178000000000793
0.005078000000004579
0.00524599999999964
0.005307999999999424
0.005324999999999136
0.005178999999998268
0.005309000000004005
0.005421999999995819
0.005376999999995746
0.005231999999999459
0.005274000000000001
0.005192999999998449
0.005403999999998632
0.005214000000002272
0.005459999999999354
0.005186000000001911
0.005362999999995566
0.005386000000001445
0.005300999999995781
0.005277999999997007
0.005312000000003536
0.005375000000000796
0.005431000000001518
0.039551000000003
0.005318000000002598
0.0398840000000007
0.005327000000001192
0.005267000000003463
0.005278000000004113
0.005191000000003498
0.00517099999999715
0.005324000000001661
0.005282000000001119
0.005273000000002526
0.005373000000005845
0.005299000000000831
0.005375999999998271
0.0053339999999977294
0.005034000000001981
0.005327999999998667
0.005365000000004727
0.005377000000002852
0.005355000000001553
0.005302999999997837
0.0052099999999981605
0.005381999999997333
0.005138000000002307
0.0053089999999968995
0.0052329999999969345
0.00536000000000314
0.005306000000004474
0.005369999999999209
0.005225999999993292
0.005220000000001335
0.005191000000003498
0.0052960000000013
0.005307999999999424
0.005319000000000074
0.005102999999998303
0.005288999999997657
0.0052400000000005775
0.005178000000000793
0.00519599999999798
0.005300999999995781
0.00529700000000588
0.005304999999999893
0.005183999999999855
0.00523399999999441
0.005157000000004075
0.005411000000002275
0.005044999999995525
0.00541199999999975
0.005361000000000615
0.00528399999999607
0.005539999999996326
0.005383000000001914
0.00514400000000137
0.005304000000002418
0.005138999999999783
0.005213999999995167
0.03979100000000102
0.005268999999998414
0.005264999999994302
0.005268999999998414
0.005408000000002744
0.0052650000000014074
0.005237000000001046
0.005135000000002776
0.0053460000000029595
0.005277999999997007
0.00515800000000155
0.005181000000000324
0.005292000000004293
0.005248000000001696
0.005434999999998524
0.005274000000000001
0.005345999999995854
0.005210999999995636
0.005400000000001626
0.005333000000000254
0.005323999999994555
0.005248999999999171
0.005296999999998775
0.0052349999999989905
0.005357000000003609
0.005192000000000974
0.005276999999999532
0.005248000000001696
0.005275999999994951
0.005186000000001911
0.005292000000004293
0.00527200000000505
0.0055260000000032505
0.00524799999999459
0.005428999999999462
0.005276000000002057
0.005259000000002345
0.005200999999999567
0.00536000000000314
0.005282999999998594
0.005238999999995997
0.005279999999999063
0.005364999999997622
0.005358000000001084
0.005481000000003178
0.0051339999999981956
0.005341000000001372
0.0053339999999977294
0.005462999999998885
0.0052099999999981605
0.005298000000003356
0.005774999999999864
0.005769000000000801
0.005608000000002278
0.006168999999999869
0.005675999999994019
0.006025000000001057
0.00585399999999936
0.006163999999998282
0.006214999999997417
0.005988000000002103
0.006112999999999147
0.005881999999999721
0.005890000000000839
0.006107000000000085
0.005797999999998638
0.00640099999999677
0.006279999999996733
0.006022000000001526
0.005886999999994202
0.0060330000000021755
0.005765000000003795
0.0056889999999967245
0.005608999999999753
0.005949000000001092
0.005808000000001812
0.006024000000003582
0.0057770000000019195
0.006199000000002286
0.00587900000000019
0.006388999999998646
0.005840999999996654
0.005767999999996221
0.005834000000000117
0.0059269999999997935
0.005902999999996439
0.0054079999999956385
0.0054609999999968295
0.0065529999999967
0.005467000000002997
0.005340000000003897
0.00560000000000116
0.005329000000003248
0.005428000000001987
0.0055720000000007985
0.005442000000002167
0.005561999999997624
0.005395000000000039
0.00518300000000238
0.00528399999999607
0.005218999999996754
0.00531000000000148
0.0052579999999977645
0.005403999999998632
0.005248000000001696
0.005467000000002997
0.005487999999999715
0.005361000000000615
0.005441000000004692
0.005369999999999209
0.005298000000003356
0.005485000000000184
0.005383999999999389
0.005325999999996611
0.005214999999999748
0.0057910000000021
0.0052170000000018035
0.005659999999998888
0.005488000000006821
0.005442000000002167
0.0054379999999980555
0.0054220000000029245
0.005313000000001011
0.005520999999994558
0.005428999999999462
0.00553899999999885
0.005492000000003827
0.00534799999999791
0.0054609999999968295
0.005206000000001154
0.005393000000005088
0.005311999999996431
0.005377000000002852
0.005316999999998018
0.005226000000000397
0.005150000000000432
0.005305999999997368
0.005261000000004401
0.005307999999999424
0.005237999999998522
0.005223999999998341
0.005414000000001806
0.005406000000000688
0.005329000000003248
0.005318000000002598
0.005252999999996177
0.005357000000003609
0.005386000000001445
0.005423999999997875
0.00543700000000058
0.0052859999999981255
0.0054379999999980555
0.005265999999998883
0.005279000000001588
0.005251000000001227
0.005254000000000758
0.00506899999999888
0.005895999999999901
0.005352999999999497
0.005465999999998417
0.005358999999998559
0.005353999999996972
0.005373000000005845
0.0054450000000016985
0.005144999999998845
0.005564000000006786
0.03996300000000019
0.005213999999995167
0.005301000000002887
0.00531000000000148
0.005446999999996649
0.005261000000004401
0.005375000000000796
0.005319000000000074
0.0053920000000005075
0.005299999999998306
0.005274999999997476
0.005480999999996072
0.005382000000004439
0.005187999999996862
0.0053109999999989554
0.005337000000004366
0.005147000000000901
0.0052930000000017685
0.005361000000000615
0.0052559999999957085
0.005339999999996792
0.005428000000001987
0.005214999999999748
0.006306000000002143
0.00625999999999749
0.005638999999995065
0.006541999999996051
0.005822000000001992
0.005538000000001375
0.005653999999999826
0.005579999999994811
0.005332999999993149
0.005321999999999605
0.005319999999997549
0.005327999999998667
0.005254999999998233
0.005362999999995566
0.005319000000000074
0.0055599999999955685
0.0052960000000013
0.005237999999998522
0.005293000000008874
0.005242000000009739
0.005355000000008658
0.005246999999997115
0.0052579999999977645
0.005471000000000004
0.005216000000004328
0.005358000000001084
0.005335999999999785
0.005290000000002237
0.0052960000000013
0.00517000000000678
0.005274999999997476
0.005291999999997188
0.005317000000005123
0.005442000000002167
0.0052579999999977645
0.005294999999989614
0.005243000000007214
0.005215000000006853
0.0052859999999981255
0.005394999999992933
0.005258000000011975
0.005585000000010609
0.005464000000003466
0.005368000000004258
0.040623000000010734
0.005330999999998198
0.005313999999998487
0.005400000000008731
0.005358000000001084
0.005343999999993798
0.005175999999991632
0.005504999999999427
0.0055019999999927904
0.00544999999999618
0.00538500000000397
0.005562000000011835
0.005606999999997697
0.00527200000000505
0.005409999999997694
0.0053740000000033206
0.005255000000005339
0.005371000000010895
0.005298999999993725
0.005251999999998702
0.005312000000003536
0.005231999999992354
0.005377000000009957
0.006196000000002755
0.006075999999993087
0.005248999999992066
0.00624700000000189
0.006521000000006438
0.0056129999999967595
0.005746000000002027
0.005736999999996328
0.005350999999990336
0.005362000000005196
0.005366000000009308
0.0056819999999930815
0.005383999999992284
0.0055210000000016635
0.005348999999995385
0.005302000000000362
0.005788999999992939
0.005915999999999144
0.00539999999999452
0.005774999999999864
0.0052439999999904785
0.005376999999995746
0.005155999999999494
0.005356000000006134
0.005809999999996762
0.005566000000001736
0.005328999999989037
0.005540999999993801
0.005341999999998848
0.005389999999991346
0.005314999999995962
0.005440000000007217
0.005370999999996684
0.005533999999997263
0.005371999999994159
0.005307999999999424
0.005506000000011113
0.005333999999990624
0.005436000000003105
0.0053460000000029595
0.00539999999999452
0.005266000000005988
0.005419000000003393
0.005379999999988172
0.005370999999996684
0.005445000000008804
0.005391000000003032
0.005356000000006134
0.0052700000000101
0.005329000000003248
0.005170999999990045
0.005201999999997042
0.0053920000000005075
0.005328999999989037
0.005266000000005988
0.005263999999996827
0.005465999999998417
