3.100000003541936e-05
2.700000004551839e-05
2.199999994445534e-05
1.5000000075815478e-05
1.4999999848441803e-05
2.40000001667795e-05
1.5000000075815478e-05
2.5000000050567905e-05
2.700000004551839e-05
1.799999995455437e-05
1.9999999949504854e-05
2.3999999939405825e-05
1.799999995455437e-05
2.5000000050567905e-05
1.5999999959603883e-05
1.5999999959603883e-05
2.199999994445534e-05
1.5000000075815478e-05
2.40000001667795e-05
1.3999999964653398e-05
2.599999993435631e-05
1.5999999959603883e-05
2.2999999828243745e-05
2.199999994445534e-05
2.1000000060666935e-05
2.3999999939405825e-05
1.5999999959603883e-05
2.1000000060666935e-05
2.000000017687853e-05
1.7000000070765964e-05
2.199999994445534e-05
1.699999984339229e-05
2.3999999939405825e-05
1.799999995455437e-05
1.4000000192027073e-05
2.499999982319423e-05
2.199999994445534e-05
2.2000000171829015e-05
2.199999994445534e-05
1.7000000070765964e-05
1.7000000070765964e-05
2.3999999939405825e-05
2.199999994445534e-05
2.3999999939405825e-05
2.300000005561742e-05
2.40000001667795e-05
2.5000000050567905e-05
1.8000000181928044e-05
1.900000006571645e-05
1.799999995455437e-05
2.7999999929306796e-05
1.5000000075815478e-05
2.1000000060666935e-05
1.5999999959603883e-05
2.40000001667795e-05
2.9000000040468876e-05
2.300000005561742e-05
2.599999993435631e-05
1.799999995455437e-05
2.7999999929306796e-05
1.3999999964653398e-05
2.300000005561742e-05
1.4999999848441803e-05
1.3999999964653398e-05
2.099999983329326e-05
2.1000000060666935e-05
2.199999994445534e-05
2.3999999939405825e-05
1.7000000070765964e-05
1.5000000075815478e-05
2.199999994445534e-05
2.099999983329326e-05
2.5000000050567905e-05
1.799999995455437e-05
2.2999999828243745e-05
2.199999994445534e-05
2.199999994445534e-05
2.5000000050567905e-05
2.6000000161729986e-05
1.5000000075815478e-05
1.3999999964653398e-05
1.900000006571645e-05
1.5999999959603883e-05
2.599999993435631e-05
3.100000003541936e-05
2.2999999828243745e-05
1.3999999964653398e-05
1.3999999964653398e-05
2.3999999939405825e-05
2.1000000060666935e-05
2.199999994445534e-05
1.7000000070765964e-05
2.199999994445534e-05
2.3999999939405825e-05
2.000000017687853e-05
2.2000000171829015e-05
2.199999994445534e-05
2.9000000040468876e-05
2.599999993435631e-05
2.199999994445534e-05
2.199999994445534e-05
2.2999999828243745e-05
2.300000005561742e-05
1.8000000181928044e-05
3.399999991415825e-05
2.199999994445534e-05
2.599999993435631e-05
1.5999999959603883e-05
3.399999991415825e-05
1.5999999959603883e-05
1.799999995455437e-05
1.5999999959603883e-05
2.199999994445534e-05
2.199999994445534e-05
2.2999999828243745e-05
1.5000000075815478e-05
1.5000000075815478e-05
1.5000000075815478e-05
1.3999999964653398e-05
1.9999999949504854e-05
3.100000003541936e-05
1.5999999959603883e-05
1.5999999959603883e-05
1.900000006571645e-05
2.199999994445534e-05
1.600000018697756e-05
1.3999999964653398e-05
1.8999999838342774e-05
2.5000000050567905e-05
2.000000017687853e-05
1.5000000075815478e-05
1.7000000070765964e-05
1.799999995455437e-05
2.300000005561742e-05
1.7000000070765964e-05
1.900000006571645e-05
2.300000005561742e-05
2.000000017687853e-05
2.5000000050567905e-05
2.1000000060666935e-05
2.3999999939405825e-05
2.300000005561742e-05
1.3999999964653398e-05
1.5000000075815478e-05
1.7000000070765964e-05
2.3999999939405825e-05
1.4999999848441803e-05
1.900000006571645e-05
1.5000000075815478e-05
2.599999993435631e-05
1.5999999959603883e-05
3.90000000152213e-05
2.199999994445534e-05
3.399999991415825e-05
2.300000005561742e-05
2.7999999929306796e-05
1.5999999959603883e-05
2.199999994445534e-05
2.199999994445534e-05
1.3999999964653398e-05
1.900000006571645e-05
1.3999999964653398e-05
1.5000000075815478e-05
1.5000000075815478e-05
1.600000018697756e-05
1.600000018697756e-05
1.5999999959603883e-05
1.5000000075815478e-05
1.4000000192027073e-05
1.7000000070765964e-05
2.40000001667795e-05
2.099999983329326e-05
2.3999999939405825e-05
1.4999999848441803e-05
2.300000005561742e-05
1.699999984339229e-05
2.599999993435631e-05
2.2999999828243745e-05
1.7000000070765964e-05
2.499999982319423e-05
1.4999999848441803e-05
2.2000000171829015e-05
2.6000000161729986e-05
1.5000000075815478e-05
1.799999995455437e-05
1.5999999959603883e-05
2.300000005561742e-05
2.499999982319423e-05
1.7000000070765964e-05
1.5000000075815478e-05
2.199999994445534e-05
1.799999995455437e-05
1.900000006571645e-05
2.300000005561742e-05
7.699999991928053e-05
4.6999999995023245e-05
8.400000001529406e-05
3.700000002027082e-05
2.9000000040468876e-05
2.6000000161729986e-05
1.9999999949504854e-05
2.499999982319423e-05
1.799999995455437e-05
2.40000001667795e-05
2.000000017687853e-05
1.600000018697756e-05
1.900000006571645e-05
2.599999993435631e-05
3.300000003036985e-05
1.7000000070765964e-05
3.699999979289714e-05
2.3999999939405825e-05
4.200000012133387e-05
2.3999999939405825e-05
2.700000004551839e-05
2.099999983329326e-05
1.5000000075815478e-05
1.900000006571645e-05
1.9999999949504854e-05
2.499999982319423e-05
2.2999999828243745e-05
2.099999983329326e-05
1.2999999853491317e-05
1.3999999964653398e-05
1.5999999959603883e-05
2.2999999828243745e-05
2.199999994445534e-05
1.8999999838342774e-05
3.399999991415825e-05
2.1000000060666935e-05
2.3999999939405825e-05
1.5000000075815478e-05
2.2000000171829015e-05
2.300000005561742e-05
2.89999998130952e-05
1.5999999959603883e-05
2.1000000060666935e-05
2.199999994445534e-05
1.3999999964653398e-05
1.5000000075815478e-05
1.900000006571645e-05
1.5999999959603883e-05
2.499999982319423e-05
1.900000006571645e-05
2.099999983329326e-05
2.199999994445534e-05
2.1000000060666935e-05
2.999999992425728e-05
1.900000006571645e-05
1.3999999964653398e-05
2.1000000060666935e-05
1.799999995455437e-05
3.300000003036985e-05
2.300000005561742e-05
3.100000003541936e-05
2.6000000161729986e-05
1.5000000075815478e-05
2.3999999939405825e-05
2.300000005561742e-05
2.1000000060666935e-05
1.3999999964653398e-05
2.3999999939405825e-05
2.599999993435631e-05
2.099999983329326e-05
2.3999999939405825e-05
1.799999995455437e-05
2.5000000050567905e-05
1.5999999959603883e-05
2.300000005561742e-05
2.199999994445534e-05
1.3999999964653398e-05
1.3999999964653398e-05
1.5000000075815478e-05
2.5000000050567905e-05
1.5000000075815478e-05
1.8000000181928044e-05
2.300000005561742e-05
2.300000005561742e-05
1.5999999959603883e-05
2.599999993435631e-05
1.5000000075815478e-05
2.300000005561742e-05
1.9999999949504854e-05
1.3999999964653398e-05
1.4999999848441803e-05
1.5000000075815478e-05
1.3999999964653398e-05
2.300000005561742e-05
1.3999999964653398e-05
2.300000005561742e-05
2.300000005561742e-05
1.3999999964653398e-05
1.3999999964653398e-05
2.300000005561742e-05
2.199999994445534e-05
2.199999994445534e-05
1.5999999959603883e-05
2.3999999939405825e-05
2.099999983329326e-05
2.3999999939405825e-05
2.3999999939405825e-05
2.5000000050567905e-05
1.4000000192027073e-05
2.300000005561742e-05
1.5000000075815478e-05
1.5999999959603883e-05
3.100000003541936e-05
1.5999999959603883e-05
2.1000000060666935e-05
2.8999999999834714e-05
4.099999999995774e-05
2.199999999996649e-05
1.4999999999876223e-05
1.5999999999571912e-05
2.5000000000385825e-05
1.5000000000320313e-05
2.4999999999941735e-05
2.9000000000056758e-05
1.699999999971169e-05
1.8999999999991246e-05
2.4000000000246047e-05
1.7999999999851468e-05
2.3999999999801958e-05
1.4999999999876223e-05
1.6000000000016e-05
2.0000000000131024e-05
1.5000000000320313e-05
2.199999999996649e-05
1.5000000000320313e-05
2.4999999999941735e-05
1.6000000000016e-05
1.6000000000016e-05
2.199999999996649e-05
2.199999999996649e-05
2.0999999999826713e-05
1.6000000000016e-05
2.1000000000270802e-05
2.199999999996649e-05
1.6000000000016e-05
2.299999999966218e-05
1.7999999999851468e-05
2.799999999991698e-05
1.700000000059987e-05
1.5999999999571912e-05
2.6000000000081513e-05
2.4999999999941735e-05
2.19999999995224e-05
4.600000000021254e-05
1.699999999971169e-05
2.299999999966218e-05
2.3999999999801958e-05
3.29999999992836e-05
2.4999999999941735e-05
2.4999999999941735e-05
2.299999999966218e-05
2.299999999966218e-05
1.7999999999851468e-05
1.700000000059987e-05
1.7999999999851468e-05
2.800000000036107e-05
1.4000000000180535e-05
2.3000000000550358e-05
1.4000000000180535e-05
2.299999999966218e-05
2.4999999999941735e-05
2.19999999995224e-05
1.4000000000180535e-05
1.7999999999851468e-05
1.7999999999851468e-05
1.4000000000180535e-05
1.5000000000320313e-05
1.4999999999432134e-05
1.700000000059987e-05
2.3999999999801958e-05
2.3999999999801958e-05
3.2000000000032e-05
2.3999999999801958e-05
1.8999999999991246e-05
2.299999999966218e-05
2.899999999961267e-05
2.700000000022129e-05
2.700000000022129e-05
2.0000000000131024e-05
2.3999999999801958e-05
2.4999999999941735e-05
2.700000000022129e-05
3.400000000031156e-05
2.799999999947289e-05
2.299999999966218e-05
1.5000000000320313e-05
3.10000000007804e-05
1.3999999999292356e-05
3.500000000045134e-05
2.9999999999752447e-05
2.3000000000550358e-05
1.4999999999432134e-05
1.4000000000180535e-05
2.299999999966218e-05
2.200000000041058e-05
2.3000000000550358e-05
1.8000000000739647e-05
2.19999999995224e-05
2.2999999998774e-05
1.3999999998404178e-05
2.3999999999801958e-05
2.200000000129876e-05
2.899999999961267e-05
2.3999999999801958e-05
2.19999999995224e-05
2.200000000129876e-05
2.2999999998774e-05
2.4999999999053557e-05
1.699999999971169e-05
2.2999999998774e-05
2.200000000129876e-05
1.8999999999991246e-05
1.5999999998683734e-05
2.3999999999801958e-05
1.4000000000180535e-05
1.699999999971169e-05
1.699999999971169e-05
2.3000000000550358e-05
2.200000000129876e-05
3.399999999942338e-05
1.4999999999432134e-05
2.5000000000829914e-05
1.4000000000180535e-05
2.3999999999801958e-05
2.1000000000270802e-05
2.700000000110947e-05
1.8999999999991246e-05
1.600000000046009e-05
1.8999999999991246e-05
2.3000000000550358e-05
1.600000000046009e-05
1.4000000000180535e-05
1.8999999999991246e-05
2.5000000000829914e-05
1.9999999999242846e-05
1.4000000000180535e-05
1.600000000046009e-05
2.800000000036107e-05
2.5000000000829914e-05
2.0000000001019203e-05
2.19999999995224e-05
2.3999999999801958e-05
2.3999999999801958e-05
3.0000000000640625e-05
3.200000000092018e-05
3.700000000073089e-05
3.0000000000640625e-05
2.2999999998774e-05
2.1000000000270802e-05
2.19999999995224e-05
2.800000000036107e-05
1.8000000000739647e-05
2.2999999998774e-05
1.799999999896329e-05
3.500000000045134e-05
1.8000000000739647e-05
3.700000000073089e-05
3.0000000000640625e-05
3.5999999999702936e-05
3.700000000073089e-05
1.8999999999991246e-05
1.600000000046009e-05
2.3000000000550358e-05
2.6000000000081513e-05
1.799999999896329e-05
1.8999999999991246e-05
1.600000000046009e-05
1.4000000000180535e-05
1.600000000046009e-05
1.4999999999432134e-05
1.8000000000739647e-05
1.5000000001208491e-05
2.899999999961267e-05
1.5000000001208491e-05
2.7999999998584713e-05
2.5000000000829914e-05
3.5999999999702936e-05
2.4000000001578314e-05
1.8999999999991246e-05
2.3999999999801958e-05
1.8000000000739647e-05
2.6999999999333113e-05
2.19999999995224e-05
1.699999999971169e-05
2.4000000001578314e-05
1.5999999998683734e-05
2.800000000036107e-05
2.700000000110947e-05
1.8000000000739647e-05
1.7000000001488047e-05
1.799999999896329e-05
2.3000000000550358e-05
2.6999999999333113e-05
1.5999999998683734e-05
1.5000000001208491e-05
2.200000000129876e-05
1.699999999971169e-05
2.0000000001019203e-05
2.3000000000550358e-05
4.099999999951365e-05
3.0999999999892225e-05
2.999999999886427e-05
3.0999999999892225e-05
2.2999999998774e-05
2.3999999999801958e-05
1.8000000000739647e-05
2.19999999995224e-05
1.4999999999432134e-05
2.3999999999801958e-05
2.19999999995224e-05
1.3999999996627821e-05
1.699999999971169e-05
2.6999999999333113e-05
2.1000000000270802e-05
2.1999999997746045e-05
3.700000000250725e-05
2.1999999997746045e-05
4.099999999951365e-05
2.3000000002326715e-05
2.5999999998305157e-05
2.200000000129876e-05
1.4999999997655777e-05
2.000000000279556e-05
1.899999999821489e-05
2.5000000000829914e-05
2.2999999998774e-05
2.3000000002326715e-05
1.6000000002236447e-05
1.4000000000180535e-05
1.5000000001208491e-05
2.1999999997746045e-05
2.3000000002326715e-05
1.9999999999242846e-05
4.899999999707916e-05
2.3999999999801958e-05
3.600000000147929e-05
1.4999999997655777e-05
2.3999999999801958e-05
2.3999999999801958e-05
2.2999999998774e-05
1.5999999998683734e-05
2.200000000129876e-05
2.3000000002326715e-05
1.4000000000180535e-05
1.4000000000180535e-05
2.7000000002885827e-05
1.5999999998683734e-05
2.5000000000829914e-05
1.699999999971169e-05
3.200000000092018e-05
2.200000000129876e-05
2.1999999997746045e-05
2.9000000001389026e-05
1.699999999971169e-05
1.5999999998683734e-05
2.3000000002326715e-05
1.8000000000739647e-05
3.200000000092018e-05
2.1999999997746045e-05
2.9000000001389026e-05
2.5999999998305157e-05
1.5000000001208491e-05
2.3000000002326715e-05
3.300000000194814e-05
2.5000000000829914e-05
1.6000000002236447e-05
2.2999999998774e-05
2.3999999999801958e-05
2.200000000129876e-05
2.2999999998774e-05
1.699999999971169e-05
2.1999999997746045e-05
1.6000000002236447e-05
2.3999999999801958e-05
2.3000000002326715e-05
1.4000000000180535e-05
1.5000000001208491e-05
1.5000000001208491e-05
2.5000000000829914e-05
1.5999999998683734e-05
2.1000000000270802e-05
2.5000000000829914e-05
2.800000000036107e-05
1.8000000000739647e-05
2.8999999997836312e-05
2.1000000000270802e-05
2.5999999998305157e-05
2.2999999998774e-05
3.300000000194814e-05
1.4999999997655777e-05
1.4999999997655777e-05
1.4000000000180535e-05
2.3999999999801958e-05
1.7999999997186933e-05
2.3000000002326715e-05
2.8999999997836312e-05
1.5000000001208491e-05
1.8000000000739647e-05
2.5000000000829914e-05
2.1999999997746045e-05
2.3999999999801958e-05
1.699999999971169e-05
4.7999999999603915e-05
3.0000000002416982e-05
2.5000000000829914e-05
3.600000000147929e-05
2.9000000001389026e-05
1.9999999999242846e-05
2.3000000002326715e-05
1.4999999997655777e-05
2.5000000000829914e-05
3.399999999942338e-05
1.8000000000739647e-05
2.800000000036107e-05
0.00010400000000032605
1.8000000000739647e-05
1.9999999999242846e-05
2.3000000002326715e-05
1.6000000002236447e-05
2.5000000000829914e-05
2.3999999999801958e-05
2.6999999999333113e-05
2.999999999886427e-05
1.5000000001208491e-05
2.6999999999333113e-05
2.1000000000270802e-05
2.9000000001389026e-05
1.699999999971169e-05
4.400000000259752e-05
2.49999999972772e-05
2.800000000036107e-05
2.000000000279556e-05
2.999999999886427e-05
2.8999999997836312e-05
1.8000000000739647e-05
1.6000000002236447e-05
1.4000000000180535e-05
2.200000000129876e-05
1.4000000000180535e-05
2.200000000129876e-05
1.8000000000739647e-05
2.5000000000829914e-05
2.200000000129876e-05
2.5000000000829914e-05
2.1999999997746045e-05
2.1000000000270802e-05
3.900000000101045e-05
3.199999999736747e-05
1.699999999971169e-05
4.39999999990448e-05
2.8999999997836312e-05
2.3000000002326715e-05
1.699999999971169e-05
2.5999999998305157e-05
3.4000000002976094e-05
2.999999999886427e-05
4.700000000212867e-05
2.3999999999801958e-05
2.5000000000829914e-05
3.799999999998249e-05
2.3999999999801958e-05
3.700000000250725e-05
1.699999999971169e-05
2.8999999997836312e-05
2.9000000001389026e-05
4.500000000007276e-05
2.600000000185787e-05
1.5999999998683734e-05
1.5999999998683734e-05
1.699999999971169e-05
2.5000000000829914e-05
1.4000000000180535e-05
1.699999999971169e-05
2.3999999999801958e-05
2.3000000002326715e-05
1.5999999998683734e-05
2.7000000002885827e-05
2.200000000129876e-05
3.2999999998395424e-05
1.899999999821489e-05
2.800000000036107e-05
2.099999999671809e-05
2.600000000185787e-05
1.5999999998683734e-05
1.699999999971169e-05
2.600000000185787e-05
1.9000000001767603e-05
2.3999999999801958e-05
2.6999999999333113e-05
1.8000000000739647e-05
2.5999999998305157e-05
1.4000000000180535e-05
2.800000000036107e-05
1.7000000003264404e-05
3.6999999998954536e-05
1.5999999998683734e-05
2.6999999999333113e-05
2.200000000129876e-05
2.3999999999801958e-05
2.5000000000829914e-05
1.4000000000180535e-05
1.5000000001208491e-05
2.1000000000270802e-05
2.1000000000270802e-05
1.4000000000180535e-05
2.6999999999333113e-05
2.400000000335467e-05
1.899999999821489e-05
1.3999999996627821e-05
1.699999999971169e-05
2.1000000000270802e-05
2.3999999999801958e-05
2.099999999671809e-05
1.5000000001208491e-05
2.800000000036107e-05
2.2999999998774e-05
2.1000000000270802e-05
2.2999999998774e-05
2.1000000000270802e-05
1.699999999971169e-05
2.3999999999801958e-05
2.3000000002326715e-05
1.9999999999242846e-05
2.5000000000829914e-05
1.4000000000180535e-05
4.300000000156956e-05
3.0999999999892225e-05
2.7000000002885827e-05
2.3999999999801958e-05
2.1999999997746045e-05
2.1999999997746045e-05
1.4000000000180535e-05
1.699999999971169e-05
2.3000000002326715e-05
1.8000000000739647e-05
2.3999999999801958e-05
2.999999999886427e-05
1.9000000001767603e-05
1.4000000000180535e-05
2.1000000003823516e-05
1.599999999513102e-05
3.5999999994373866e-05
1.5000000004761205e-05
1.699999999971169e-05
2.5000000000829914e-05
1.599999999513102e-05
2.5000000000829914e-05
1.4999999997655777e-05
2.3999999996249244e-05
2.200000000129876e-05
1.4999999997655777e-05
2.400000000335467e-05
2.099999999671809e-05
2.099999999671809e-05
2.2999999998774e-05
1.9000000001767603e-05
2.7000000002885827e-05
2.1000000003823516e-05
2.800000000036107e-05
1.599999999513102e-05
1.9000000001767603e-05
2.3999999996249244e-05
4.500000000007276e-05
2.5999999998305157e-05
3.399999999942338e-05
1.4000000000180535e-05
1.8999999994662176e-05
1.699999999971169e-05
2.099999999671809e-05
2.3999999996249244e-05
1.699999999971169e-05
1.4000000000180535e-05
1.5000000004761205e-05
1.4000000000180535e-05
1.4000000000180535e-05
2.200000000129876e-05
2.200000000129876e-05
2.300000000587943e-05
2.200000000129876e-05
2.400000000335467e-05
2.5999999998305157e-05
2.099999999671809e-05
1.699999999971169e-05
2.1000000003823516e-05
2.3999999996249244e-05
1.8999999994662176e-05
1.4000000000180535e-05
2.2999999998774e-05
1.7999999997186933e-05
2.400000000335467e-05
1.5000000004761205e-05
2.7999999993255642e-05
2.1000000003823516e-05
3.499999999689862e-05
1.6000000002236447e-05
2.69999999957804e-05
2.2999999998774e-05
2.200000000129876e-05
3.2000000004472895e-05
2.2999999998774e-05
2.3999999996249244e-05
2.099999999671809e-05
1.4000000000180535e-05
1.699999999971169e-05
2.200000000129876e-05
1.5000000004761205e-05
1.4000000000180535e-05
1.6000000002236447e-05
1.9999999999242846e-05
2.6000000005410584e-05
1.4000000000180535e-05
1.699999999971169e-05
1.8999999994662176e-05
2.2999999998774e-05
1.5000000004761205e-05
1.4999999997655777e-05
2.8999999997836312e-05
1.699999999971169e-05
1.800000000429236e-05
1.4000000000180535e-05
1.699999999971169e-05
1.6000000002236447e-05
2.400000000335467e-05
2.1000000003823516e-05
2.5000000000829914e-05
1.4999999997655777e-05
2.69999999957804e-05
1.9999999999242846e-05
3.399999999942338e-05
1.4999999997655777e-05
2.3999999996249244e-05
1.599999999513102e-05
2.200000000129876e-05
1.4000000000180535e-05
2.5999999998305157e-05
1.4999999997655777e-05
1.4999999997655777e-05
1.4000000000180535e-05
1.4000000000180535e-05
1.800000000429236e-05
2.5999999998305157e-05
1.599999999513102e-05
1.9999999999242846e-05
2.400000000335467e-05
1.9000000001767603e-05
1.9999999999242846e-05
1.599999999513102e-05
1.4999999997655777e-05
1.7999999997186933e-05
1.6000000002236447e-05
2.5000000000829914e-05
1.699999999971169e-05
2.1000000003823516e-05
2.3999999996249244e-05
1.699999999971169e-05
2.400000000335467e-05
2.5000000000829914e-05
2.2999999998774e-05
2.200000000129876e-05
1.6000000002236447e-05
1.699999999971169e-05
1.599999999513102e-05
1.4000000000180535e-05
2.200000000129876e-05
2.099999999671809e-05
2.3999999996249244e-05
2.2999999998774e-05
2.099999999671809e-05
1.599999999513102e-05
1.9999999999242846e-05
2.5999999998305157e-05
1.6000000002236447e-05
1.6000000002236447e-05
1.4999999997655777e-05
2.5000000000829914e-05
2.800000000036107e-05
1.9999999999242846e-05
2.3999999996249244e-05
1.6000000002236447e-05
1.699999999971169e-05
2.099999999671809e-05
1.9999999999242846e-05
2.5000000000829914e-05
1.9000000001767603e-05
2.199999999419333e-05
2.69999999957804e-05
2.5000000000829914e-05
2.69999999957804e-05
1.4000000000180535e-05
2.5000000000829914e-05
1.4000000000180535e-05
2.3999999996249244e-05
1.699999999971169e-05
1.4999999997655777e-05
2.800000000036107e-05
2.099999999671809e-05
2.099999999671809e-05
2.400000000335467e-05
1.7999999997186933e-05
1.9000000001767603e-05
2.2999999998774e-05
1.6000000002236447e-05
1.4999999997655777e-05
2.1000000003823516e-05
1.699999999971169e-05
2.69999999957804e-05
1.9000000001767603e-05
1.4999999997655777e-05
2.200000000129876e-05
2.200000000129876e-05
1.3000000002705292e-05
2.200000000129876e-05
1.4000000000180535e-05
1.4000000000180535e-05
1.3000000002705292e-05
3.399999999942338e-05
1.6000000002236447e-05
1.6000000002236447e-05
2.199999999419333e-05
2.099999999671809e-05
2.2999999998774e-05
2.2999999998774e-05
1.4000000000180535e-05
2.2999999998774e-05
1.6000000002236447e-05
1.6000000002236447e-05
1.6000000002236447e-05
1.800000000429236e-05
2.200000000129876e-05
1.699999999971169e-05
2.1000000003823516e-05
2.1000000003823516e-05
1.4999999997655777e-05
2.200000000129876e-05
2.2999999998774e-05
2.200000000129876e-05
2.2999999998774e-05
1.4000000000180535e-05
1.699999999971169e-05
2.6000000005410584e-05
1.699999999971169e-05
1.4999999997655777e-05
1.5000000004761205e-05
1.699999999971169e-05
2.5999999998305157e-05
2.200000000129876e-05
2.400000000335467e-05
1.4999999997655777e-05
3.499999999689862e-05
2.300000000587943e-05
3.399999999942338e-05
2.1000000003823516e-05
3.300000000194814e-05
2.200000000129876e-05
1.4999999997655777e-05
1.6000000002236447e-05
2.5000000000829914e-05
1.4000000000180535e-05
1.4000000000180535e-05
2.300000000587943e-05
1.699999999971169e-05
2.300000000587943e-05
2.3999999996249244e-05
1.9000000001767603e-05
1.599999999513102e-05
2.200000000129876e-05
1.6000000002236447e-05
2.1000000003823516e-05
1.8999999994662176e-05
1.6000000002236447e-05
3.299999999484271e-05
1.4999999997655777e-05
1.4999999997655777e-05
1.6000000002236447e-05
1.8999999994662176e-05
2.2999999998774e-05
2.1000000003823516e-05
1.4000000000180535e-05
2.200000000129876e-05
2.200000000129876e-05
1.4999999997655777e-05
2.200000000129876e-05
1.4000000000180535e-05
1.6000000002236447e-05
1.4000000000180535e-05
2.200000000129876e-05
2.6000000005410584e-05
1.4000000000180535e-05
1.6000000002236447e-05
2.099999999671809e-05
1.4000000000180535e-05
2.800000000036107e-05
1.599999999513102e-05
1.7999999997186933e-05
1.4999999997655777e-05
1.599999999513102e-05
2.199999999419333e-05
2.5000000000829914e-05
1.4000000000180535e-05
2.2999999998774e-05
1.599999999513102e-05
2.800000000036107e-05
1.4999999997655777e-05
3.6999999998954536e-05
1.5000000004761205e-05
2.69999999957804e-05
1.6000000002236447e-05
2.199999999419333e-05
2.1000000003823516e-05
1.4000000000180535e-05
1.9000000001767603e-05
2.1000000003823516e-05
2.200000000129876e-05
2.7999999993255642e-05
1.6000000002236447e-05
2.69999999957804e-05
1.4999999997655777e-05
1.4999999997655777e-05
2.5000000000829914e-05
2.1000000003823516e-05
1.4000000000180535e-05
2.099999999671809e-05
2.200000000129876e-05
2.200000000129876e-05
1.699999999971169e-05
1.800000000429236e-05
1.4999999997655777e-05
1.9999999999242846e-05
2.3999999996249244e-05
1.6000000002236447e-05
2.1000000003823516e-05
2.2999999998774e-05
1.4000000000180535e-05
2.099999999671809e-05
2.300000000587943e-05
1.4999999997655777e-05
1.599999999513102e-05
1.4999999997655777e-05
2.7000000002885827e-05
1.9000000001767603e-05
1.699999999971169e-05
2.8999999997836312e-05
2.5999999998305157e-05
3.199999999736747e-05
1.9999999999242846e-05
3.199999999736747e-05
2.5000000000829914e-05
2.5999999998305157e-05
3.399999999942338e-05
2.8999999997836312e-05
3.0000000002416982e-05
2.3999999996249244e-05
3.300000000194814e-05
3.700000000605996e-05
2.5999999998305157e-05
2.5000000000829914e-05
2.7999999993255642e-05
2.800000000036107e-05
2.5000000000829914e-05
2.2999999998774e-05
3.2000000004472895e-05
2.5000000000829914e-05
2.5000000000829914e-05
1.9999999999242846e-05
2.69999999957804e-05
3.6999999998954536e-05
2.5999999998305157e-05
3.300000000194814e-05
3.0999999999892225e-05
2.099999999671809e-05
3.199999999736747e-05
3.299999999484271e-05
2.4999999993724487e-05
2.400000000335467e-05
2.8999999997836312e-05
2.200000000129876e-05
2.1000000003823516e-05
2.1000000003823516e-05
2.5000000000829914e-05
1.6000000002236447e-05
1.7999999997186933e-05
1.7999999997186933e-05
2.3999999996249244e-05
1.8999999994662176e-05
7.999999999697138e-05
1.699999999971169e-05
3.0000000002416982e-05
1.800000000429236e-05
4.3000000005122274e-05
1.800000000429236e-05
3.6999999998954536e-05
1.4999999997655777e-05
1.4999999997655777e-05
2.199999999419333e-05
1.4000000000180535e-05
1.4000000000180535e-05
1.9000000001767603e-05
2.6000000005410584e-05
2.400000000335467e-05
1.6000000002236447e-05
1.9999999999242846e-05
1.4000000000180535e-05
2.2999999998774e-05
1.6000000002236447e-05
2.400000000335467e-05
2.5000000000829914e-05
5.300000000119098e-05
2.5000000000829914e-05
1.699999999971169e-05
3.0000000002416982e-05
2.9999999995311555e-05
1.5000000004761205e-05
1.4000000000180535e-05
1.699999999971169e-05
2.7000000002885827e-05
2.2999999998774e-05
1.3000000002705292e-05
1.4999999997655777e-05
1.9000000001767603e-05
2.300000000587943e-05
1.4999999997655777e-05
1.8999999994662176e-05
1.5000000004761205e-05
2.200000000129876e-05
1.4000000000180535e-05
1.4999999997655777e-05
1.4000000000180535e-05
1.4000000000180535e-05
1.5000000004761205e-05
2.3999999996249244e-05
1.4999999997655777e-05
1.4999999997655777e-05
1.6000000002236447e-05
2.2999999998774e-05
2.2999999998774e-05
1.4000000000180535e-05
1.7999999997186933e-05
2.5000000000829914e-05
2.5000000000829914e-05
2.3999999996249244e-05
1.4999999997655777e-05
2.1000000003823516e-05
2.1000000003823516e-05
2.200000000129876e-05
1.4000000000180535e-05
1.3999999993075107e-05
1.6000000002236447e-05
3.6999999998954536e-05
1.6000000002236447e-05
1.4999999997655777e-05
1.5000000004761205e-05
1.8999999994662176e-05
2.200000000129876e-05
1.9000000001767603e-05
1.699999999971169e-05
1.4000000000180535e-05
1.6000000002236447e-05
2.5000000000829914e-05
2.2999999998774e-05
2.3999999996249244e-05
2.099999999671809e-05
1.6000000002236447e-05
1.9000000001767603e-05
2.6000000005410584e-05
2.2999999998774e-05
2.5000000000829914e-05
2.300000000587943e-05
2.3999999996249244e-05
2.2999999998774e-05
3.600000000147929e-05
1.4999999997655777e-05
3.900000000101045e-05
1.4000000000180535e-05
2.099999999671809e-05
2.099999999671809e-05
1.4999999997655777e-05
1.4999999997655777e-05
3.499999999689862e-05
2.7000000002885827e-05
1.4999999997655777e-05
4.600000000465343e-05
3.600000000147929e-05
4.100000000306636e-05
3.199999999736747e-05
3.700000000605996e-05
1.6000000002236447e-05
3.600000000147929e-05
3.600000000147929e-05
2.400000000335467e-05
2.200000000129876e-05
1.4999999997655777e-05
1.4999999997655777e-05
1.599999999513102e-05
3.0000000002416982e-05
2.1000000003823516e-05
1.6000000002236447e-05
2.200000000129876e-05
1.5000000004761205e-05
1.6000000002236447e-05
1.5000000004761205e-05
1.4000000007285962e-05
1.4000000007285962e-05
2.2999999998774e-05
3.600000000858472e-05
1.6000000002236447e-05
2.3000000012984856e-05
2.2999999998774e-05
2.1000000003823516e-05
2.800000000036107e-05
2.0000000006348273e-05
3.199999999026204e-05
2.0000000006348273e-05
2.099999998961266e-05
1.5000000004761205e-05
1.699999999971169e-05
1.5000000004761205e-05
2.200000000129876e-05
1.5999999988025593e-05
2.200000000129876e-05
1.699999999971169e-05
2.9999999995311555e-05
2.800000000036107e-05
2.200000000129876e-05
1.7999999997186933e-05
1.8000000011397788e-05
1.3999999993075107e-05
2.200000000129876e-05
1.6000000002236447e-05
1.6000000002236447e-05
1.5000000004761205e-05
1.6000000002236447e-05
1.5000000004761205e-05
1.6000000002236447e-05
2.1999999987087904e-05
2.3999999996249244e-05
2.4999999993724487e-05
2.8999999997836312e-05
1.6000000002236447e-05
2.800000000036107e-05
1.7999999997186933e-05
2.500000000793534e-05
1.6000000002236447e-05
1.4000000007285962e-05
3.100000000699765e-05
1.4000000007285962e-05
2.3999999996249244e-05
1.499999999055035e-05
3.299999998773728e-05
4.3000000005122274e-05
3.900000000101045e-05
5.39999999915608e-05
1.699999999971169e-05
2.1000000003823516e-05
2.2999999998774e-05
2.2999999998774e-05
1.6000000002236447e-05
1.699999999971169e-05
2.9999999995311555e-05
2.099999998961266e-05
2.3999999996249244e-05
3.100000000699765e-05
2.4999999993724487e-05
2.200000000129876e-05
3.900000000101045e-05
2.3999999996249244e-05
3.000000000952241e-05
2.1999999987087904e-05
2.200000000129876e-05
2.500000000793534e-05
2.4999999993724487e-05
2.1000000003823516e-05
2.4999999993724487e-05
1.7999999997186933e-05
2.3999999996249244e-05
2.200000000129876e-05
2.3999999996249244e-05
2.4999999993724487e-05
2.500000000793534e-05
1.499999999055035e-05
1.699999999971169e-05
2.2999999998774e-05
2.6000000005410584e-05
2.0000000006348273e-05
2.40000000104601e-05
2.6000000005410584e-05
1.699999999971169e-05
2.4999999993724487e-05
1.3999999993075107e-05
1.6000000002236447e-05
2.3999999996249244e-05
1.699999999971169e-05
1.7999999997186933e-05
2.4999999993724487e-05
2.6000000005410584e-05
2.2999999998774e-05
2.3999999996249244e-05
1.7999999997186933e-05
2.6000000005410584e-05
2.2999999998774e-05
1.8999999994662176e-05
2.2999999998774e-05
2.500000000793534e-05
2.200000000129876e-05
1.6000000002236447e-05
