0.005906999999979234
0.005874000000176238
0.006098999999949228
0.005566000000044369
0.005985999999893465
0.005846000000019558
0.006081999999878462
0.0062930000001415465
0.0059160000000701984
0.006111000000146305
0.006333999999924345
0.006122999999888634
0.006135999999969499
0.006159000000025117
0.006243000000040411
0.006282000000055632
0.043045000000120126
0.006045000000085565
0.04268799999999828
0.00603000000000975
0.006168999999999869
0.006305000000111249
0.005909999999857973
0.006339999999909196
0.005893000000014581
0.006123999999999796
0.00589799999988827
0.005983999999898515
0.006215999999994892
0.006094000000075539
0.005940999999893393
0.006112000000030093
0.006190999999944324
0.006243000000040411
0.006138999999848238
0.006204999999908978
0.006149000000050364
0.006163999999898806
0.006087999999863314
0.0060829999999896245
0.006020000000034997
0.006318999999848529
0.006235999999944397
0.005978000000141037
0.006288000000040483
0.00618199999985336
0.006438000000116517
0.006300999999893975
0.005975999999918713
0.006020000000034997
0.006198000000040338
0.0059739999999237625
0.005981000000019776
0.04309499999999389
0.006182000000080734
0.04250699999988683
0.005893000000014581
0.006378000000040629
0.006264000000101078
0.00606500000003507
0.0063070000001062
0.006229999999959546
0.00618199999985336
0.005929000000151063
0.006043999999974403
0.005552000000079715
0.006139000000075612
0.006142000000181724
0.006068000000141183
0.006211000000121203
0.005977000000029875
0.006059000000050219
0.006258000000116226
0.005952999999863096
0.00592200000005505
0.006049000000075466
0.006014000000050146
0.006421000000045751
0.006089999999858264
0.005938999999898442
0.006123999999999796
0.005974000000151136
0.006206999999903928
0.006145000000060463
0.006077000000004773
0.00589799999988827
0.006190999999944324
0.006196999999929176
0.006114000000025044
0.005593000000089887
0.00603000000000975
0.005918999999948937
0.006033000000115862
0.006143999999949301
0.00628099999994447
0.006184999999959473
0.006174000000100932
0.006079999999883512
0.042445000000043365
0.006096999999954278
0.04268200000001343
0.006386000000020431
0.04288700000006429
0.006356999999979962
0.0061659999998937565
0.006190000000060536
0.006313000000091051
0.006155999999919004
0.005938999999898442
0.006346000000121421
0.005894000000125743
0.006476000000020576
0.006007999999837921
0.006270000000085929
0.005936000000019703
0.006080999999994674
0.00589799999988827
0.006104000000050291
0.006250999999792839
0.005932000000029802
0.0058899999999084685
0.00599899999997433
0.006157000000030166
0.005964000000176384
0.006074000000126034
0.005877000000054977
0.00592400000005
0.006000999999969281
0.006196000000045387
0.006167999999888707
0.0058989999999994325
0.005867999999964013
0.006196999999929176
0.005967000000055123
0.006012999999938984
0.006493999999975131
0.006095999999843116
0.005998000000090542
0.0062010000001464505
0.006059000000050219
0.0061050000001614535
0.006377999999813255
0.00592200000005505
0.006212000000004991
0.006247000000030312
0.00603899999987334
0.0060739999998986605
0.042699999999967986
0.006291000000146596
0.0425910000001295
0.006266000000096028
0.00614699999982804
0.006067000000030021
0.006041000000095664
0.006193999999823063
0.006125999999994747
0.00613100000009581
0.00627400000007583
0.00659799999993993
0.00613100000009581
0.0062329999998382846
0.0060210000001461594
0.006141999999954351
0.006142000000181724
0.006184999999959473
0.006317000000080952
0.006055000000060318
0.006476999999904365
0.006125000000110958
0.006159999999908905
0.0061399999999594
0.006159999999908905
0.0060000000000854925
0.006141999999954351
0.006125000000110958
0.005893999999898369
0.006348000000116372
0.006266000000096028
0.0060869999999795255
0.006264999999984866
0.006135000000085711
0.006096999999954278
0.006049000000075466
0.005977000000029875
0.0059699999999338615
0.006122000000004846
0.005976999999802501
0.0062669999999798165
0.00600599999984297
0.00620600000002014
0.0059739999999237625
0.006137000000080661
0.006099000000176602
0.006096999999954278
0.015045999999983906
0.011655999999902633
0.009787000000187618
0.0064810000001216395
0.006485999999995329
0.006251000000020213
0.006212000000004991
0.006781000000046333
0.00628099999994447
0.006250000000136424
0.006715999999869382
0.006521999999904438
0.043574000000035085
0.006257000000005064
0.042621000000053755
0.006044999999858192
0.006317999999964741
0.006765999999970518
0.006112000000030093
0.006184999999959473
0.00613799999996445
0.006070000000136133
0.005963000000065222
0.006059000000050219
0.006278999999949519
0.00659799999993993
0.005962999999837848
0.0064589999999498104
0.00600599999984297
0.0064429999999902066
0.00599899999997433
0.006264999999984866
0.006059999999934007
0.006370000000060827
0.006176000000095883
0.006202999999914027
0.006237999999939348
0.006014999999933934
0.0061670000000049185
0.00599899999997433
0.006544000000076267
0.006792000000132248
0.006147999999939202
0.00649199999998018
0.006129999999984648
0.005969000000050073
0.006118000000014945
0.006401999999980035
0.005857000000105472
0.005918999999948937
0.006935000000112268
0.0060090000001764565
0.00603699999987839
0.006397999999990134
0.006181000000196946
0.006116999999903783
0.00606300000004012
0.0061399999999594
0.006180999999969572
0.006306999999878826
0.006219999999984793
0.006123999999999796
0.006204000000025189
0.006184999999959473
0.006156000000146378
0.0061880000000655855
0.005971999999928812
0.006309999999984939
0.00596199999995406
0.006147999999939202
0.006233999999949447
0.006319000000075903
0.006135999999969499
0.006026000000019849
0.006305999999995038
0.006129999999984648
0.006114000000025044
0.006299000000126398
0.0061699999998836574
0.006063999999923908
0.006114000000025044
0.006110000000035143
0.006184999999959473
0.006223999999974694
0.0062629999999899155
0.00599699999997938
0.006227999999964595
0.006110999999918931
0.0061670000000049185
0.006174000000100932
0.005922999999938838
0.006077000000004773
0.006052000000181579
0.005965000000060172
0.0061579999999139545
0.005908999999974185
0.006147999999939202
0.005830000000059954
0.006044999999858192
0.006012999999938984
0.00595700000008037
0.00616400000012618
0.006184999999959473
0.005967000000055123
0.006114000000025044
0.005904999999984284
0.006182999999964522
0.006215999999994892
0.006092999999964377
0.006484000000000378
0.006023999999797525
0.006552999999939857
0.006043000000090615
0.006074000000126034
0.006290999999919222
0.005879999999999885
0.005929999999999991
0.00614899999999996
0.005835999999999952
0.006040999999999741
0.006159999999999943
0.0061670000000000336
0.0063500000000003
0.006076000000000192
0.006251000000000229
0.0061549999999996885
0.0063329999999997
0.006181000000000214
0.006036000000000374
0.005996000000000112
0.006214000000000386
0.005946000000000229
0.006095000000000184
0.00610899999999992
0.006201999999999597
0.0061789999999999345
0.006232000000000237
0.00610899999999992
0.0065029999999999255
0.005990000000000162
0.006298000000000137
0.005561000000000149
0.006134000000000306
0.006301000000000112
0.006416999999999895
0.006026000000000309
0.006209999999999827
0.0062269999999999825
0.006164000000000058
0.04097500000000043
0.0064190000000001746
0.04112600000000022
0.006072999999999773
0.00634800000000002
0.006392999999999205
0.006299000000000277
0.006228000000000122
0.006298999999999388
0.006121999999999517
0.006761000000000017
0.006294000000000466
0.006512999999999991
0.006218000000000501
0.006153000000000297
0.0062309999999996535
0.006393000000000093
0.006269999999999776
0.006057000000000201
0.00648499999999963
0.006228999999999374
0.006121999999999517
0.006081000000000003
0.006067999999999962
0.006108000000000224
0.006586000000000425
0.006067999999999962
0.006700000000000372
0.0062549999999994554
0.006248000000000253
0.006320999999999799
0.006546000000000163
0.006683999999999912
0.0064469999999996475
0.006155000000000577
0.00635900000000067
0.006484000000000378
0.006948000000000398
0.0066379999999997
0.00604700000000058
0.006244999999999834
0.04118300000000019
0.006273999999999447
0.04439700000000002
0.006345000000000489
0.006380000000000052
0.006285000000000096
0.006148999999999738
0.006365999999999872
0.006276999999999866
0.006435999999999886
0.006124999999999936
0.006279000000000146
0.006111000000000644
0.005978000000000705
0.006007000000000318
0.00603100000000012
0.006192000000000419
0.006256999999999735
0.00633099999999942
0.006466000000001415
0.006066000000000571
0.00632599999999961
0.006185999999999581
0.00617399999999968
0.006183999999999301
0.0062360000000012406
0.0064219999999988175
0.006073000000000661
0.006303999999998311
0.006225999999999843
0.0062320000000006814
0.006287999999999627
0.006308999999999898
0.0059509999999995955
0.00622200000000106
0.040627999999999886
0.0062019999999982645
0.041193999999999065
0.006301999999999808
0.006088000000000093
0.006255000000001232
0.006250999999998896
0.0063469999999998805
0.006099999999999994
0.005883000000000749
0.005896999999999153
0.006333999999998952
0.006433000000001243
0.006182000000000798
0.0062590000000000146
0.0060920000000006524
0.006140999999999508
0.0066269999999999385
0.0061789999999994905
0.006311000000000178
0.0061309999999998865
0.006181999999999022
0.00747700000000151
0.0065869999999996764
0.006873000000000573
0.006963000000000719
0.006869000000000014
0.006590000000000984
0.006904999999999717
0.006897000000000375
0.007037000000000404
0.006496000000000279
0.00681400000000032
0.006553000000000253
0.0067550000000000665
0.0065869999999996764
0.0066320000000015256
0.0066160000000010655
0.0070350000000001245
0.00662799999999919
0.0072910000000003805
0.006385999999999115
0.006606999999998919
0.006762999999999408
0.006283999999999068
0.006247000000000114
0.006327000000000638
0.006335999999999231
0.0064989999999998105
0.006199999999999761
0.006231999999998905
0.006327999999999889
0.0062069999999998515
0.041637999999998954
0.006368000000000151
0.0420859999999994
0.006094999999998407
0.006297999999999249
0.0062709999999999155
0.006026000000000309
0.006444999999999368
0.0064229999999998455
0.00635800000000053
0.006189000000000888
0.006236999999998716
0.006145000000000067
0.006514999999998494
0.005997999999999948
0.006000999999999479
0.006293000000001214
0.006237999999999744
0.006213999999999942
0.006189000000000888
0.006076000000000192
0.006149999999999878
0.006315000000000737
0.006104000000000553
0.0063709999999996825
0.0060269999999995605
0.006315999999999988
0.006007999999999569
0.006128999999999607
0.0064349999999997465
0.006182000000000798
0.007641999999998816
0.006881000000001691
0.006256000000000483
0.006722999999999146
0.006320000000000547
0.00619000000000014
0.006371000000001459
0.006404999999999106
0.0061419999999987596
0.006081999999999255
0.006356999999999502
0.00622200000000106
0.04138900000000234
0.006390999999997149
0.04109899999999911
0.0062080000000008795
0.00634200000000007
0.006302999999999059
0.007146999999999792
0.006997000000001918
0.00619000000000014
0.0061610000000023035
0.006063999999998515
0.006163000000000807
0.006212000000001439
0.006553999999997728
0.005970999999998838
0.006440999999998809
0.006066999999998046
0.0064109999999999445
0.006239000000000772
0.0062529999999973995
0.0060570000000019775
0.006330000000001945
0.006156999999998192
0.006437000000001802
0.00632399999999933
0.006029000000001616
0.006292999999999438
0.006087000000000842
0.006534999999999513
0.006448999999999927
0.0062819999999987886
0.0065869999999996764
0.0062549999999994554
0.006066000000000571
0.006737000000001103
0.0066139999999990096
0.006097000000000463
0.006153000000001185
0.006378999999999024
0.006223999999999563
0.006275000000002251
0.00648299999999935
0.006260999999998518
0.0060800000000007515
0.006076999999997668
0.00618300000000005
0.0065109999999997115
0.006394000000000233
0.006403999999999854
0.006340000000001567
0.006478000000001316
0.006275999999999726
0.006554000000001281
0.0062829999999998165
0.006103000000003078
0.006268000000002161
0.005963999999998748
0.006111000000000644
0.006211999999997886
0.006293000000002991
0.006218999999997976
0.006093999999997379
0.006311000000000178
0.006087000000000842
0.006117000000003259
0.00631699999999924
0.006262999999997021
0.006322000000000827
0.0063870000000001426
0.006332000000000448
0.006481000000000847
0.006712000000000273
0.00683000000000078
0.006641000000001895
0.00664599999999993
0.0064400000000013335
0.006361999999999313
0.006447000000001424
0.00601999999999947
0.00622900000000115
0.006302999999999059
0.006167999999998841
0.006299999999999528
0.00619000000000014
0.006631000000002274
0.006022999999999001
0.006326999999998861
0.006260999999998518
0.006240999999999275
0.006174999999998931
0.006806000000000978
0.006579999999999586
0.006280999999997761
0.006008000000001346
0.006457000000001045
0.006425000000000125
0.006244999999999834
0.006689000000001499
0.006305000000001115
0.007331999999998118
0.006587999999997152
0.006360999999998285
0.006489000000001965
0.006555999999999784
0.006470000000000198
0.006605000000000416
0.006420000000002091
0.04244300000000223
0.0063579999999987535
0.043098999999998
0.006185999999999581
0.04305500000000251
0.006094000000000932
0.0062590000000000146
0.0062529999999973995
0.006699000000001121
0.006562000000002399
0.006346999999998104
0.005990000000000606
0.006268999999999636
0.0061549999999996885
0.00637400000000099
0.006192999999999671
0.0062819999999987886
0.0062320000000006814
0.00637400000000099
0.006161999999999779
0.006218000000000501
0.006593999999999767
0.006110999999997091
0.006350000000001188
0.005895999999999901
0.0063069999999996185
0.0059509999999995955
0.007524999999997561
0.006546000000000163
0.006479999999999819
0.006432000000000215
0.006723000000000923
0.0069760000000016475
0.006523999999998864
0.00570199999999943
0.04236200000000068
0.006271999999999167
0.04284900000000036
0.006164000000001835
0.00652600000000092
0.006509000000001208
0.006258000000002539
0.006527000000001948
0.006173000000000428
0.006422000000000594
0.0064170000000025595
0.006322000000000827
0.0064589999999995484
0.006605000000000416
0.0064589999999995484
0.006761000000000905
0.006783999999999679
0.006539999999997548
0.006195000000001727
0.0065569999999972595
0.0060549999999999216
0.006213999999999942
0.006166000000000338
0.006202000000001817
0.006271999999999167
0.006502000000001118
0.006320999999999799
0.006152000000000157
0.00610200000000205
0.006347000000001657
0.006097999999997938
0.04115499999999983
0.006643000000000399
0.041136000000001616
0.006187999999998084
0.006268999999999636
0.006181000000001546
0.006396000000002289
0.006243999999998806
0.0063640000000013686
0.006118000000000734
0.006448999999999927
0.0062769999999972015
0.00625999999999749
0.006236999999998716
0.0062069999999998515
0.006114000000000175
0.006142000000000536
0.006161999999999779
0.00603800000000021
0.00666000000000011
0.00630999999999915
0.006135000000000446
0.0056769999999986
0.006171000000001925
0.006126999999999327
0.006705000000000183
0.00594899999999754
0.006205000000001348
0.0062769999999972015
0.006191000000001168
0.006181000000001546
0.00645099999999843
0.006401000000000323
0.04155199999999937
0.006405000000000882
0.041166999999997955
0.006315999999998212
0.006190999999997615
0.0062829999999998165
0.006311000000000178
0.006378000000001549
0.006257999999998987
0.006390999999997149
0.006313999999999709
0.0062779999999982294
0.006306000000002143
0.006256000000000483
0.006343000000001098
0.006160999999998751
0.006315999999998212
0.00653899999999652
0.00616499999999931
0.006218000000000501
0.006090999999997848
0.006216999999999473
0.006047999999999831
0.006230000000002178
0.006219999999999004
0.005870999999999071
0.006332999999997924
0.006492999999998972
0.006304000000000087
0.006282000000005894
0.00627399999999767
0.0062080000000008795
0.006340000000001567
0.006645999999996377
0.006180999999997994
0.006312999999998681
0.0063140000000032614
0.00627399999999767
0.006325000000003911
0.006223000000005641
0.006207000000003404
0.041792999999998415
0.006516999999995221
0.041784999999997297
0.00623499999999666
0.006413000000002
0.006407000000002938
0.006193000000003224
0.006180999999997994
0.0060509999999993624
0.006243999999995253
0.00607000000000113
0.006053000000001418
0.006238999999993666
0.006291999999994857
0.006033999999999651
0.006278999999999257
0.006028999999998064
0.006062999999997487
0.006059000000000481
0.006139999999994927
0.0061719999999994
0.006026000000005638
0.006233000000001709
0.006108999999995035
0.006300000000003081
0.006385999999999115
0.006228999999997598
0.006188000000001637
0.006407999999993308
0.00614699999999857
0.0061479999999960455
0.04163499999999942
0.006273000000000195
0.0422450000000012
0.006267999999998608
0.006423999999995544
0.006205000000001348
0.006280000000003838
0.006345000000003154
0.0060189999999948895
0.006187000000004161
0.006401000000003876
0.005938000000000443
0.006359000000003334
0.0059040000000010195
0.006327000000005967
0.005977999999998929
0.006419000000001063
0.006166999999997813
0.00634900000000016
0.0062590000000000146
0.006143000000001564
0.006257999999995434
0.006255000000003008
0.006278999999999257
0.006098000000001491
0.006396999999999764
0.006439000000000306
0.006390000000003226
0.005929999999999325
0.006337999999999511
0.006496000000005608
0.0060630000000045925
0.006338999999996986
0.006422999999998069
0.006382000000002108
0.04181100000000271
0.006343999999998573
0.042126000000003216
0.006367000000004452
0.006244999999999834
0.005890000000000839
0.0062819999999987886
0.006390000000003226
0.006344999999996048
0.0064059999999983575
0.006228000000000122
0.0059800000000009845
0.006293999999996913
0.006192999999996118
0.006383999999997059
0.006130999999996334
0.006413000000002
0.0062469999999947845
0.006062000000000012
0.006181999999995469
0.0063069999999996185
0.006292999999999438
0.006254999999995903
0.006081999999999255
0.005794000000001631
0.006219000000001529
0.006360999999998285
0.006368999999999403
0.006344999999996048
0.006201000000004342
0.006113999999996622
0.006577000000000055
0.006108000000004665
0.006408999999997889
0.006498000000000559
0.006100000000003547
0.006160000000001276
0.005951999999993518
0.006271999999995614
0.005986999999997522
0.006202000000001817
0.006089000000002898
0.006160000000001276
0.0060489999999973065
0.006237999999996191
0.006056999999998425
0.006368999999999403
0.0060330000000021755
0.006262999999997021
0.006294000000004019
0.006188999999999112
0.006202000000001817
0.006270999999998139
0.0061320000000009145
0.006215999999994892
0.04144099999999895
0.006160999999998751
0.041502999999998735
0.006139999999994927
0.042062000000001376
0.006303000000002612
0.006408999999997889
0.006323000000001855
0.006067999999999074
0.006208999999998355
0.006211999999997886
0.006325999999994281
0.006107000000000085
0.006174999999998931
0.0063140000000032614
0.006447999999998899
0.006201999999994712
0.006281000000001313
0.006112000000001672
0.006244999999999834
0.006298000000001025
0.006050000000001887
0.006388999999998646
0.006135000000000446
0.006346000000000629
0.006368999999999403
0.006191999999998643
0.006141999999996983
0.00630999999999915
0.006071000000005711
0.006319999999995218
0.006171000000001925
0.0062590000000000146
0.006516999999995221
0.0061090000000021405
0.0063120000000012055
0.006368999999999403
0.006279999999996733
0.0062539999999984275
0.006271000000005245
0.006230000000002178
0.006232000000004234
0.0059520000000006235
0.0061370000000025016
0.00613299999999839
0.006025000000001057
0.005971999999999866
0.005999999999993122
0.006236999999998716
0.006137999999999977
0.006413999999999476
0.006302999999995507
0.006337999999999511
0.00615799999999922
0.006092999999999904
0.006002000000002283
0.006205000000001348
0.006179000000003043
0.006090000000000373
0.00629700000000355
0.0058229999999994675
0.006254999999995903
0.006267000000001133
0.04125700000000165
0.006228000000000122
0.041617000000002236
0.006393000000002758
0.04135699999999787
0.00641199999999742
0.006258000000002539
0.0062819999999987886
0.006384000000004164
0.006213999999999942
0.005788000000002569
0.006515999999997746
0.006219999999999004
0.006278999999999257
0.006435000000003299
0.006219000000001529
0.00632399999999933
0.00613400000000297
0.0063120000000012055
0.006242000000000303
0.006326999999998861
0.006030000000002644
0.006157000000001744
0.0065629999999998745
0.006122999999995216
0.006185999999999581
0.00614699999999857
0.00589300000000037
0.006152000000000157
0.006270999999998139
0.0062590000000000146
0.006213999999999942
0.006214999999997417
0.006148999999993521
0.006235000000003765
0.006028999999998064
0.006339999999994461
0.006166999999997813
0.006384000000004164
0.0060400000000058185
0.005956999999995105
0.0063370000000020354
0.006256999999997959
0.006408000000000413
0.00640099999999677
0.00600599999999929
0.006244000000002359
0.006169999999997344
0.006093999999997379
0.0062590000000000146
0.006163000000000807
0.0059909999999945285
0.006177000000000987
0.006396999999999764
0.006340000000001567
0.0415440000000018
0.005742999999995391
0.0417759999999987
0.0061019999999984975
0.006112000000001672
0.006320000000002324
0.006326999999998861
0.006439000000000306
0.006425000000000125
0.006391000000000702
0.006444000000001893
0.006152999999997633
0.006448999999996374
0.0064869999999999095
0.006288000000004956
0.0061719999999994
0.006210000000002935
0.006302000000005137
0.006377000000000521
0.006394000000000233
0.006380000000000052
0.006251999999996372
0.005825000000001523
0.006070999999998605
0.006275999999999726
0.006075000000002717
0.006261999999999546
0.006323000000001855
0.0057770000000019195
0.006308999999994569
0.0060509999999993624
0.006076999999997668
0.006458000000002073
0.006244999999999834
0.0064289999999971315
0.00614699999999857
0.00584299999999871
0.006410000000002469
0.006466000000003191
0.006219999999999004
0.006150000000005207
0.0062590000000000146
0.006484000000000378
0.006698000000000093
0.007111999999999341
0.006641999999999371
0.007249000000001615
0.0066019999999937795
0.006749999999996703
0.006524999999996339
0.006727999999995404
0.007293000000004213
0.007201999999999487
0.006914999999999338
0.007152000000004932
0.007292999999997107
0.006884999999996921
0.006982999999998185
0.006880999999999915
0.007011000000005652
0.006939000000002693
0.00676700000000352
0.007667999999995345
0.006759000000002402
0.006935000000005687
0.00672800000000251
0.00679299999999472
0.006833000000000311
0.007694999999998231
0.006933000000003631
0.006937000000000637
0.007078999999997393
0.006821000000002186
0.006924000000005037
0.00671700000000186
0.006752000000005864
0.006911000000002332
0.006878999999997859
0.006650000000000489
0.007120000000000459
0.00650100000000009
0.0061179999999936285
0.006318999999997743
0.04269700000000398
0.006402000000001351
0.04140300000000252
0.006740000000000634
0.04158600000000234
0.006442999999997312
0.04228100000000268
0.00636100000000539
0.006368999999999403
0.005808999999999287
0.006574000000000524
0.006310999999996625
0.006175000000006037
0.0063829999999995835
0.006143999999999039
0.006163999999998282
0.006419000000001063
0.006379000000002577
0.006320000000002324
0.006345000000003154
0.006476999999996735
0.006208999999998355
0.006427000000002181
0.007147000000003345
0.006443999999994787
0.006296999999996444
0.007063000000002262
0.006461000000001604
0.00647599999999926
0.006622999999997603
0.006402999999998826
0.006345000000003154
0.006470999999997673
0.00684400000000096
0.006658000000001607
0.00612000000000279
0.0065279999999958704
0.006430999999999187
0.005783999999998457
0.006292999999999438
0.006292999999999438
0.006242999999997778
0.006354000000001747
0.0062130000000024665
0.006244999999999834
0.006173000000003981
0.00617000000000445
0.006351999999999691
0.006304000000000087
0.006270999999998139
0.006175000000006037
0.006231999999997129
0.00650100000000009
0.0063880000000011705
0.006340000000001567
0.006123999999999796
0.0066440000000014265
0.006335999999997455
0.006088000000005422
0.006340000000001567
0.0063880000000011705
0.00624700000000189
0.006182000000002574
0.006025000000001057
0.006264999999999077
0.00615799999999922
0.006123999999999796
0.006605000000000416
0.006184999999995
0.0064589999999995484
0.006328000000003442
0.006300000000003081
0.006385000000001639
0.006172999999996875
0.0062840000000008445
0.0063809999999975275
0.006211999999997886
0.006131000000003439
0.0064109999999999445
0.006186000000006686
0.006267999999998608
0.00646399999999403
0.006333999999995399
0.04220300000000066
0.0062819999999987886
0.04218099999999936
0.0067359999999965225
0.04183100000000195
0.006187000000004161
0.006282999999996264
0.006433000000001243
0.006348000000002685
0.006016999999999939
0.006193000000003224
0.006202000000001817
0.006429000000004237
0.0063279999999963366
0.006356000000003803
0.006295999999998969
0.0063420000000036225
0.007318000000005043
0.007829000000000974
0.006818000000002655
0.007989999999999498
0.006489999999999441
0.00726099999999974
0.006368000000001928
0.006565999999999406
0.006171000000001925
0.006512999999998215
0.006267000000001133
0.006133999999995865
0.006487999999997385
0.006157000000001744
0.006546000000000163
0.006155999999997164
0.006399999999999295
0.00643600000000788
0.0061249999999972715
0.00630999999999915
0.0059269999999997935
0.006275999999999726
0.0061059999999883985
0.006337999999999511
0.006396000000009394
0.006427999999999656
0.006213999999999942
0.005836999999999648
0.006038000000003763
0.006208999999998355
0.006053999999991788
0.006196000000002755
0.006319999999988113
0.006298000000001025
0.006246000000004415
0.00614699999999857
0.00619700000000023
0.0062859999999886895
0.006392000000005282
0.006486999999992804
0.00624899999999684
0.006437000000005355
0.006557000000000812
0.0062989999999985
0.006447999999991794
0.006300999999993451
0.00622299999999143
0.0065259999999938145
0.006214999999997417
0.006331000000002973
0.04171300000000144
0.006404000000003407
0.041791000000003464
0.006527999999988765
0.04262799999999345
0.0063190000000048485
0.006928000000002044
0.006231999999997129
0.006110000000006721
0.006310999999996625
0.006534999999999513
0.006348000000002685
0.006210000000010041
0.006197999999997705
0.006352000000006797
0.006388999999998646
0.006207000000003404
0.007106000000007384
0.007563999999987914
0.006548000000009324
0.008292999999994777
0.007085000000003561
0.006759000000002402
0.00638799999998696
0.006486999999992804
0.00622499999998638
0.006351000000009321
0.006228000000007228
0.006574000000000524
0.006302000000005137
0.006483000000002903
0.006305999999995038
0.006427000000002181
0.006611000000006584
0.006267000000008238
0.00652699999999129
0.006351000000009321
0.006243999999995253
0.0062910000000044874
0.006090000000000373
0.006280000000003838
0.006298000000001025
0.006320999999999799
0.006185999999999581
0.005901999999991858
0.006129999999998859
0.006181999999995469
0.006321999999997274
0.006194999999991069
0.006247999999999365
0.006374000000008095
0.006186999999997056
0.006604999999993311
0.0062629999999899155
0.006161999999989121
0.006189000000006217
0.0063420000000036225
0.00622100000001069
0.006301999999990926
0.006278000000008888
0.006542000000010262
0.00642499999999302
0.006671000000011418
0.006235000000003765
0.006149999999990996
0.006254999999995903
0.006204999999994243
0.006282999999996264
0.006505000000004202
0.0060330000000021755
0.006247999999999365
0.006224000000003116
0.006238999999993666
0.00638600000000622
