4.466961000000083
4.37137000000007
4.448572999999897
4.398623000000043
4.4425639999999476
4.453964000000042
4.4600030000001425
4.328027999999904
4.40741399999979
4.4979970000001686
4.3316080000001875
4.402667000000065
4.3381879999999455
4.4588280000000395
4.431303000000071
4.423925000000054
4.452438000000029
4.360110999999961
4.353132000000187
4.270529999999781
4.351227999999992
4.3755720000001475
4.422911999999997
4.4562680000001365
4.283728999999994
4.342530000000124
4.430659999999989
4.417590000000018
4.4806039999998575
4.434496999999965
4.415323000000171
4.427992000000131
4.431791999999859
4.406541999999945
4.428521000000046
4.482966999999917
4.453602000000046
4.31287199999997
4.4388759999999365
4.460352999999941
4.4474199999999655
4.398085000000037
4.383579000000054
4.3993880000000445
4.396899000000076
4.431284999999889
4.433283000000074
4.388691999999992
4.405013999999937
4.412995000000137
4.430637000000161
4.455642999999782
4.348684999999932
4.2941269999998894
4.4424770000000535
4.454472000000123
4.474532000000181
4.446977999999945
4.4307410000001255
4.326513999999861
4.461317999999892
4.509270999999899
4.374391999999943
4.454019000000017
4.529448000000002
4.479503000000022
4.478371999999808
4.491416999999956
4.5248119999998835
4.4275219999999536
4.313409999999976
4.48767799999996
4.499514999999974
4.471875999999838
4.438325000000077
4.3589640000000145
4.454666999999972
4.421894000000066
4.452039000000013
4.383125000000064
4.406512999999904
4.414997999999969
4.430848999999853
4.394968999999946
4.415489999999863
4.4274190000001
4.4295280000001185
4.424748999999792
4.429112000000259
4.466975000000275
4.5109919999999875
4.495454000000336
4.459827000000132
4.461266000000251
4.399972000000162
4.46335100000033
4.475036999999702
4.472086999999647
4.286179000000175
4.465703999999732
4.435987999999725
4.310608000000229
4.427191000000221
4.297664000000168
4.435529999999744
4.381520999999793
4.426067999999759
4.467568999999912
4.324188999999933
4.431829999999991
4.422536000000036
4.431618000000071
4.446370000000115
4.425187000000278
4.426431000000321
4.437877999999728
4.267804000000069
4.340373
Average: 4.376048