0.006341000000020358
0.007501999999988129
0.00728699999999094
0.007129999999989423
0.006690999999989344
0.006532999999990352
0.006621000000023969
0.006616000000008171
0.006407999999993308
0.0064940000000035525
0.0064210000000173295
0.00655100000000175
0.006754000000000815
0.006888000000003558
0.006601999999986674
0.006717000000008966
0.006675999999998794
0.006479999999982056
0.00649900000001935
0.006556999999986601
0.006737999999984368
0.006880000000023756
0.006416999999999007
0.006934000000001106
0.006855999999999085
0.00663800000000947
0.0065230000000156
0.00663800000000947
0.006515000000007376
0.006486999999992804
0.006810000000001537
0.006519000000025699
0.006624999999985448
0.00634900000000016
0.006561000000004924
0.006573000000003049
0.006788000000000238
0.006638999999978523
0.006915000000020655
0.00642300000001228
0.006606000000004997
0.006542999999993526
0.0063750000000197815
0.006875000000007958
0.006779999999992015
0.0066549999999949705
0.006699999999995043
0.006954000000007454
0.007083000000022821
0.006556000000017548
0.006684000000007018
0.006716999999980544
0.0067279999999811935
0.00653800000000615
0.00659900000002267
0.006580000000013797
0.0066549999999949705
0.006791000000021086
0.006619000000000597
0.006634999999988622
0.006966000000005579
0.006569000000013148
0.006657999999987396
0.006592000000011922
0.006763000000006514
0.0066280000000062955
0.006717000000008966
0.006889000000001033
0.006737000000015314
0.0066280000000062955
0.0065820000000087475
0.1586499999999944
0.006868999999994685
0.006597999999996773
0.00675300000000334
0.008641999999980499
0.008737999999993917
0.007092000000000098
0.007823000000001912
0.006900999999999158
0.007701999999994769
0.006919999999979609
0.006807999999978165
0.006848999999988337
0.007394000000005008
0.006881000000021231
0.006893999999988409
0.1584670000000017
0.006465000000019927
0.007841999999982363
0.006885000000011132
0.006531999999992877
0.006641000000001895
0.006530999999995402
0.0069740000000138025
0.006662000000005719
0.006642999999996846
0.007106999999990649
0.007088999999979251
0.006482999999974481
0.006567000000018197
0.006952999999981557
0.006754000000000815
0.006521999999989703
0.0064469999999801075
0.006439000000000306
0.006510999999989053
0.006810999999999012
0.007178000000010343
0.0069000000000016826
0.006637999999981048
0.006604000000010046
0.006745999999992591
0.006625999999982923
0.0066790000000196414
0.0065360000000111995
0.006794999999982565
0.006934000000001106
0.006508000000025049
0.006290000000007012
0.006504000000006727
0.006815000000017335
0.0069050000000174805
0.006546999999983427
0.006626999999980399
0.006398999999987609
0.006509999999991578
0.00646199999999908
0.006499999999988404
0.006745999999992591
0.006630999999998721
0.006898000000006732
0.006754000000000815
0.006994999999989204
0.006355000000013433
0.007335999999980913
0.0069959999999866795
0.0063370000000020354
0.0064979999999934535
0.006721999999996342
0.006650000000007594
0.006472000000002254
0.00642300000001228
0.006427999999999656
0.006676999999996269
0.006698999999997568
0.006466999999986456
0.00643800000000283
0.006544999999988477
0.00624899999999684
0.006594000000006872
0.006934999999998581
0.006597999999996773
0.006294999999994388
0.006432000000017979
0.00657699999999295
0.006809000000004062
0.006845999999995911
0.006979000000001179
0.006527000000005501
0.006833999999997786
0.006810000000001537
0.006935999999996056
0.006705999999979895
0.007688999999999169
0.0074160000000063064
0.007529000000005226
0.006480999999979531
0.0073649999999929605
0.007713999999992893
0.007312999999982139
0.00788000000000011
0.007486000000000104
0.007125999999999522
0.007350999999999885
0.00765400000000227
0.006853000000006659
0.006947999999994181
0.007543999999995776
0.0072270000000003165
0.006673000000006368
0.006673000000006368
0.006738000000012789
0.006878999999997859
0.007695999999981495
0.008426000000014255
0.008195000000000618
0.008431000000001632
0.007695000000012442
0.00830499999997869
0.006852000000009184
0.006777999999997064
0.006782000000015387
0.006790999999992664
0.00653800000000615
0.0067089999999723204
0.006764000000003989
0.006961999999987256
0.006661000000008244
0.006719000000003916
0.006508000000025049
0.006789000000026135
0.006930000000011205
0.007030000000014525
0.006776999999999589
0.007394999999974061
0.006715999999983069
0.007226000000002841
0.006570000000010623
0.006574999999997999
0.0068540000000041346
0.006718000000006441
0.006653999999997495
0.006590999999986025
0.006804000000016686
0.006927999999987833
0.007080999999999449
0.007203000000004067
0.007505000000008977
0.00804500000000985
0.008257999999983667
0.008002000000004728
0.007827999999989288
0.007586000000003423
0.006915999999989708
0.007478999999989355
0.007783000000017637
0.007386999999994259
0.007551000000006525
0.006776000000002114
0.007897999999983085
0.006901999999996633
0.007517999999976155
0.007247000000006665
0.006673000000006368
0.006783000000012862
0.007882999999992535
0.010956999999990558
0.009265999999996666
0.007455999999990581
0.008658999999994421
0.008165999999988571
0.008176000000020167
0.008683999999988146
0.008645000000001346
0.007244000000014239
0.007034000000004426
0.007194999999995844
0.008015000000000327
0.0070390000000202235
0.006528000000002976
0.006542000000024473
0.00916300000000092
0.007105999999993173
0.007122000000009621
0.006816999999983864
0.007148999999998296
0.008431999999999107
0.006713000000019065
0.00703300000000695
0.007467999999988706
0.006946999999996706
0.0068809999999928095
0.00733500000001186
0.00709799999998495
0.006861000000014883
0.006675999999998794
0.006368000000009033
0.006413000000009106
0.00652500000001055
0.006592000000011922
0.006737999999984368
0.0074529999999981555
0.006790999999992664
0.007405000000005657
0.007380999999980986
0.007012000000003127
0.007093999999995049
0.0067940000000135115
0.006847999999990861
0.00696999999999548
0.0068159999999863885
0.006786000000005288
0.0066240000000163946
0.006810999999999012
0.006844999999998436
0.006713999999988118
0.006517999999999802
0.006669999999985521
0.007016999999990503
0.006945999999999231
0.006745999999992591
0.007457000000016478
0.007382000000006883
0.00675300000000334
0.00653800000000615
0.006434999999981983
0.0064199999999914326
0.0065859999999986485
0.006493000000006077
0.006734999999991942
0.008071999999998525
0.006802999999990789
0.006684999999976071
0.0066050000000075215
0.006696000000005142
0.006632999999993672
0.006675000000001319
0.006446000000011054
0.006718999999975495
0.006529999999997926
0.0065529999999967
0.00695899999999483
0.0071389999999951215
0.006799999999998363
0.006568999999984726
0.006549000000006799
0.006709999999998217
0.006506999999999152
0.006713999999988118
0.006876000000005433
0.0065820000000087475
0.00655100000000175
0.006813999999991438
0.006602000000015096
0.0065170000000023265
0.006460000000004129
0.006562000000002399
0.0066740000000038435
0.006843000000003485
0.0066359999999860975
0.006774000000007163
0.006667000000021517
0.006718000000006441
0.006715999999983069
0.006774999999976217
0.006901999999996633
0.006484000000000378
0.006562000000002399
0.006718000000006441
0.006740999999976793
0.006506999999999152
0.006661000000008244
0.006686000000001968
0.00685500000000161
0.0064900000000136515
0.006607000000002472
0.006664999999998145
0.0063520000000210075
0.006401999999980035
0.006620999999995547
0.0065170000000023265
0.006766999999996415
0.006619000000000597
0.006586999999996124
0.006515000000007376
0.006611999999989848
0.006495999999998503
0.006580000000013797
0.0064009999999825595
0.0063049999999975626
0.00669399999998177
0.006664999999998145
0.006375999999988835
0.0064480000000060045
0.0067889999999977135
0.007340999999996711
0.007574000000005299
0.006870999999989635
0.006970999999992955
0.007026999999993677
0.007000000000005002
0.007068000000003849
0.00718699999998762
0.007013000000000602
0.006721999999996342
0.006851000000011709
0.006765000000001464
0.0067020000000184154
0.006393000000002758
0.0065349999999853026
0.006542999999993526
0.006916999999987183
0.006763000000006514
0.006535000000013724
0.006606000000004997
0.00661400000001322
0.00647699999998963
0.006562000000002399
0.006607999999999947
0.006506999999999152
0.006672000000008893
0.006594000000006872
0.0066280000000062955
0.006533999999987827
0.006294999999994388
0.0064670000000148775
0.006495000000001028
0.0065360000000111995
0.0067160000000114906
0.006728999999978669
0.006776000000002114
0.006484999999997854
0.00646399999999403
0.006847999999990861
0.0069959999999866795
0.006434999999981983
0.006475999999992155
0.0063779999999837855
0.006522000000018124
0.0064289999999971315
0.006512999999984004
0.00666799999999057
0.006244000000009464
0.006558000000012498
0.006532999999990352
0.006945000000001755
0.006698999999997568
0.0069090000000073815
0.006358000000005859
0.006597999999996773
0.006528000000002976
0.006962999999984731
0.006913999999994758
0.006726000000014665
0.006728000000009615
0.006650000000007594
0.0064970000000244
0.006638999999978523
0.006502000000011776
0.006264999999984866
0.006821999999999662
0.007182000000000244
0.006926000000021304
0.006499999999988404
0.006533999999987827
0.006427999999999656
0.006826000000017984
0.00696999999999548
0.006957999999997355
0.007095000000020946
0.0072000000000116415
0.006682000000012067
0.006607999999999947
0.006603999999981625
0.006735999999989417
0.006454999999988331
0.006436999999976933
0.006556000000017548
0.0065400000000011005
0.006645000000020218
0.006722999999993817
0.0067929999999876145
0.0068349999999952615
0.006668000000018992
0.007103000000000748
0.0070470000000000255
0.0067929999999876145
0.006724999999988768
0.006529000000000451
0.0066049999999791
0.006573000000003049
0.00638999999998191
0.0064630000000249765
0.006557999999984077
0.006733999999994467
0.006720999999998867
0.006991999999996779
0.006795000000010987
0.0065859999999986485
0.006626999999980399
0.006734999999991942
0.006503000000009251
0.006737999999984368
0.006385999999992009
0.007016999999990503
0.006646000000017693
0.006699999999995043
0.15865200000001778
0.006642999999996846
0.006637000000011994
0.006456000000014228
0.006472000000002254
0.006447000000008529
0.006225000000000591
0.006776999999999589
0.006734000000022888
0.006427999999999656
0.006707000000005792
0.006743999999997641
0.006366999999983136
0.006702999999987469
0.006696000000005142
0.00638799999998696
0.006587999999993599
0.006570000000010623
0.006643999999994321
0.006548000000009324
0.006404000000003407
0.006664000000000669
0.006688999999994394
0.006375999999988835
0.006539000000003625
0.0064239999999813335
0.006349999999997635
0.006664999999998145
0.006420000000019854
0.006515000000007376
0.006764000000003989
0.006661999999977297
0.006705999999979895
0.006391000000007807
0.006344999999981837
0.006289000000009537
0.006778999999994539
0.006451000000026852
0.006522000000018124
0.006484999999997854
0.006441999999992731
0.006954000000007454
0.006586999999996124
0.006592999999980975
0.006517999999999802
0.006784999999979391
0.006610999999992373
0.006872999999984586
0.006685000000004493
0.006481000000007953
0.006503999999978305
0.006607999999999947
0.006510999999989053
0.00646399999999403
0.00669900000002599
0.006715000000014015
0.006477999999987105
0.006489000000016176
0.006528000000002976
0.0067009999999925185
0.006385999999992009
0.006409999999988258
0.006597999999996773
0.0066589999999848715
0.006749000000013439
0.15720199999998385
0.006523999999984653
0.006462999999996555
0.006575999999995474
0.006918999999982134
0.006511000000017475
0.006548000000009324
0.00674000000000774
0.006590000000016971
0.006747000000018488
0.0070189999999854535
0.006694999999979245
0.006633999999991147
0.006303000000002612
0.006401000000010981
0.0064699999999788815
0.006541999999996051
0.006594000000006872
0.006940000000014379
0.006574000000000524
0.006411000000014155
0.006418999999993957
0.006482000000005428
0.006547999999980902
0.006395999999995183
0.006326000000001386
0.006464999999991505
0.006726000000014665
0.006923000000000457
0.006429999999994607
0.006784999999979391
0.006709000000000742
0.006592000000011922
0.006530999999995402
0.007038000000022748
0.00651200000001495
0.006634999999988622
0.0067469999999900665
0.006434999999981983
0.006522999999987178
0.006303000000002612
0.006433000000015454
0.006664999999998145
0.006942999999978383
0.006301999999976715
0.00661400000001322
0.006281000000001313
0.006598999999994248
0.006615999999979749
0.006393000000002758
0.006716999999980544
0.0068860000000086075
0.006427999999999656
0.00652500000001055
0.006533999999987827
0.006600000000020145
0.006481999999977006
0.006707000000005792
0.006609999999994898
0.0068349999999952615
0.006696000000005142
0.006620999999995547
0.006596000000001823
0.006702999999987469
0.0065209999999922275
0.006520000000023174
0.006343999999984362
0.0067279999999811935
0.006764000000003989
0.006823999999994612
0.006341999999989412
0.006787000000002763
0.006584000000003698
0.006483000000002903
0.006521999999989703
0.00644900000000348
0.006326999999998861
0.006434999999981983
0.00656399999999735
0.006434000000012929
0.006588999999991074
0.006473999999997204
0.006417999999996482
0.006642999999996846
0.006696000000005142
0.0067480000000159635
0.007205999999996493
0.006503000000009251
0.006800999999995838
0.006619000000000597
0.0066560000000208674
0.006609999999994898
0.0066129999999873235
0.0066280000000062955
0.006769000000019787
0.006568999999984726
0.006676999999996269
0.006852000000009184
0.0066050000000075215
0.006930000000011205
0.006427000000002181
0.006788000000000238
0.007103999999998223
0.006734000000022888
0.006757000000021662
0.006484000000000378
0.006783000000012862
0.006599999999991724
0.00634700000000521
0.00685699999999656
0.006447000000008529
0.006921000000005506
0.006810999999999012
0.006636000000014519
0.006385000000022956
0.006481000000007953
0.006572000000005573
0.006473999999997204
0.006539000000003625
0.006409999999988258
0.006709000000000742
0.006495000000001028
0.006841000000008535
0.007090000000005148
0.006549000000006799
0.006699999999995043
0.00672700000001214
0.0066549999999949705
0.0065669999999897755
0.0066549999999949705
0.00646199999999908
0.006731000000002041
0.006846000000024333
0.0063319999999862375
0.006675999999998794
0.006731000000002041
0.00669399999998177
0.006370000000003984
0.006847999999990861
0.006483000000002903
0.0065389999999752035
0.006883000000016182
0.0068619999999839365
0.006671000000011418
0.006441999999992731
0.006616000000008171
0.006496999999995978
0.006559999999979027
0.006707000000005792
0.006493000000006077
0.006574000000000524
0.006472999999999729
0.006843000000003485
0.006705000000010841
0.006826000000017984
0.0065119999999865286
0.006370000000003984
0.00688299999998776
0.006487999999990279
0.006573000000003049
0.006527000000005501
0.006704000000013366
0.006555999999989126
0.006500000000016826
0.006850000000014234
0.006810000000001537
0.006481000000007953
0.006434999999981983
0.0066700000000139426
0.006718000000006441
0.006535999999982778
0.006527000000005501
0.006807000000009111
0.006930000000011205
0.007056999999974778
0.006562000000002399
0.006699999999995043
0.006556000000017548
0.006588000000022021
0.006515000000007376
0.0063969999999926586
0.0066399999999759984
0.006949000000020078
0.0070050000000208
0.0063100000000133605
0.006632999999993672
0.006315000000000737
0.00667899999999122
0.006710999999995693
0.006614999999982274
0.006482000000005428
0.006345000000010259
0.006872000000015532
0.006943000000006805
0.007024999999998727
0.006734000000022888
0.006346000000007734
0.006506000000001677
0.006624999999985448
0.006947999999994181
0.0070699999999987995
0.0065859999999986485
0.0064699999999788815
0.0066010000000176206
0.00643600000000788
0.0063739999999938846
0.006484000000000378
0.006447000000008529
0.006679999999988695
0.006604000000010046
0.00663800000000947
0.006529999999997926
0.006596999999999298
0.006558999999981552
0.006873000000013008
0.007020999999980404
0.006250999999991791
0.006546999999983427
0.006452000000024327
0.006517999999999802
0.00638400000002548
0.006807000000009111
0.006798000000003412
0.006670999999982996
0.006577999999990425
0.006835000000023683
0.006907000000012431
0.0065899999999885495
0.007011000000005652
0.008220999999991818
0.006797000000005937
0.006730000000004566
0.006560000000007449
0.006549000000006799
0.006607999999999947
0.006619000000000597
0.006545999999985952
0.0071500000000241926
0.006977999999975282
0.007318000000026359
0.006625999999982923
0.00674200000000269
0.006734999999991942
0.006484999999997854
0.006546999999983427
0.00645099999999843
0.0067710000000147375
0.006921000000005506
0.006382000000002108
0.0068889999999726115
0.00669199999998682
0.006690999999989344
0.0066779999999937445
0.006821000000002186
0.006692999999984295
0.0065659999999923
0.00669199999998682
0.0069320000000061555
0.0067049999999824195
0.00653800000000615
0.006480000000010477
0.0066779999999937445
0.006769000000019787
0.0065119999999865286
0.00648999999998523
0.006462999999996555
0.006574000000000524
0.006696000000005142
0.0063779999999837855
0.006593000000009397
0.006732999999996991
0.006899000000004207
0.0071770000000128675
0.00682900000001041
0.006945000000001755
0.006778999999994539
0.006732999999996991
0.006554000000022597
0.006596000000001823
0.006622999999990498
0.00647699999998963
0.00678099999998949
0.006751000000008389
0.0069090000000073815
0.00685699999999656
0.007130999999986898
0.007064000000013948
0.006690999999989344
0.006515000000007376
0.006482999999974481
0.006376000000017257
0.006380000000007158
0.006516000000004851
0.006495000000001028
0.0069959999999866795
0.0069539999999790325
0.006572000000005573
0.006889000000001033
0.006553999999994176
0.0065439999999910015
0.006577000000021371
0.006582999999977801
0.006602000000015096
0.006535000000013724
0.006722999999993817
0.0067940000000135115
0.007143999999982498
0.006809000000004062
0.006596000000001823
0.006785999999976866
0.0064749999999946795
0.010345000000000937
0.008974999999992406
0.006656999999989921
0.006694999999979245
0.0067620000000090386
0.006575999999995474
0.0065349999999853026
0.0065870000000245454
0.007034000000004426
0.006789999999995189
0.006622999999990498
0.006619000000000597
0.006529999999997926
0.006661000000008244
0.0065550000000200725
0.006391000000007807
0.006457000000011703
0.006548000000009324
0.006645999999989272
0.006709000000000742
0.006883000000016182
0.006416000000001532
0.006690999999989344
0.006760000000014088
0.006915999999989708
0.0065669999999897755
0.0064480000000060045
0.006427999999999656
0.00623400000000629
0.006233999999977868
0.006568000000015672
0.006923999999997932
0.006461000000001604
0.006619999999998072
0.006517999999999802
0.006496999999995978
0.006582999999977801
0.006646000000017693
0.006721999999996342
0.006789999999995189
0.006707000000005792
0.006630000000001246
0.006381000000004633
0.006675000000001319
0.00656399999999735
0.006499999999988404
0.006342000000017833
0.006313000000005786
0.0062859999999886895
0.0066089999999974225
0.0064059999999983575
0.007053000000013299
0.0067160000000114906
0.006611999999989848
0.006500000000016826
0.006607999999999947
0.00646199999999908
0.00685500000000161
0.006826999999987038
0.006381000000004633
0.006622000000021444
0.006618000000003121
0.006580000000013797
0.0065170000000023265
0.0065919999999835
0.0065170000000023265
0.006688999999994394
0.006772000000012213
0.006506999999999152
0.006629000000003771
0.006775000000004638
0.006611999999989848
0.006439999999997781
0.006854999999973188
0.0067850000000078126
0.006495999999998503
0.006452999999993381
0.006562000000002399
0.008258999999981143
0.006506999999999152
0.006385999999992009
0.006790999999992664
0.0065820000000087475
0.006523999999984653
0.006484999999997854
0.006662000000005719
0.006763000000006514
0.006888000000003558
0.007289000000014312
0.006461000000001604
0.006358000000005859
0.006721999999996342
0.006604000000010046
0.007072999999991225
0.00655100000000175
0.0064710000000047785
0.15794700000000716
0.006508999999994103
0.006481999999977006
0.006458000000009179
0.006515000000007376
0.006511000000017475
0.006571000000008098
0.006926000000021304
0.0065400000000011005
0.00649900000001935
0.006891999999993459
0.006452999999993381
0.006495999999998503
0.006501000000014301
0.006572000000005573
0.006209999999981619
0.0063140000000032614
0.00644900000000348
0.006548000000009324
0.006480999999979531
0.0067239999999912925
0.006875000000007958
0.006546999999983427
0.006815000000017335
0.006439000000000306
0.006384999999994534
0.006641999999999371
0.006770999999986316
0.006492000000008602
0.0066470000000151686
0.006898000000006732
0.006797000000005937
0.006524000000013075
0.006479000000013002
0.006533000000018774
0.006692999999984295
0.007032999999978529
0.006799999999998363
0.006460000000004129
0.006526000000008025
0.0063790000000096825
0.006524999999982128
0.006606000000004997
0.006439000000000306
0.0063370000000020354
0.006584000000003698
0.006503000000009251
0.006419000000022379
0.0073380000000042855
Average: 0.007490