4.4624109999999995
4.321127000000001
4.674834999999998
4.404305999999998
4.490421000000005
4.310721000000001
4.262225000000001
4.295129000000003
4.499929000000009
4.457901000000007
4.403518999999989
4.4193190000000016
4.3879909999999995
4.282713000000001
4.450345000000027
4.5309019999999975
4.559890999999993
4.3582569999999805
4.462050000000005
4.257131000000015
4.3497919999999795
4.27086300000002
4.4635470000000055
4.455289999999991
4.313846000000012
4.461430000000007
4.441546000000017
4.490444000000025
4.427576999999985
4.530606999999975
4.4229440000000295
4.439277000000004
4.339834999999994
4.401700000000005
4.457740000000001
4.495212000000038
4.458804999999984
4.449984000000029
4.417155999999977
4.454140000000052
4.336184000000003
4.375757000000021
4.425425999999902
4.481817999999976
4.432826000000091
4.490156999999954
4.417594000000008
4.417183000000023
4.4263200000000325
4.381711999999993
4.4504309999999805
4.394444000000021
4.368621999999959
4.411038000000076
4.433529999999905
4.355819999999994
4.497872999999913
4.436814000000027
4.464702999999986
4.500843000000032
4.500090999999998
4.454130000000077
4.366706999999906
4.512089999999944
4.421065999999996
4.4424020000000155
4.361364999999978
4.45211299999994
4.406329000000028
4.4178770000000895
4.394652999999948
4.464928999999984
4.428461000000084
4.456711000000041
4.33243600000003
4.386310999999978
4.410994999999957
4.432573000000048
4.455204999999978
4.360288999999966
4.336921999999959
4.467926000000034
4.373950999999806
4.472805999999991
