8.89197
8.974803999999999
8.909309
8.979309999999998
8.715382000000005
8.599813999999995
8.853188000000003
8.617713000000009
8.990707
8.869095999999985
8.780149999999992
8.928361999999993
8.899015999999989
8.733662999999979
8.764505999999983
8.842363000000006
8.854226000000011
8.978081000000003
8.699867000000012
8.567975999999987
8.830399999999997
8.777864000000022
8.916856999999993
8.862986999999976
8.84582899999998
8.959313000000009
8.932782999999972
8.933695
9.029156999999998
8.923522000000048
8.73135400000001
8.889310000000023
8.783288000000027
8.915360999999962
8.808055000000024
8.852728000000013
8.751745999999969
8.78907300000003
9.000842999999975
8.919880000000035
8.670056999999929
8.908010000000104
8.938782999999944
9.117796999999996
8.907572000000073
8.912815000000023
8.818836000000033
8.817281999999977
8.88020199999994
8.926907000000028
8.762632999999937
8.908625000000029
8.886671999999976
8.728317999999945
8.882151000000022
8.761856999999964
8.70280200000002
9.04810000000009
8.95462299999997
8.846465999999964
9.076336999999967
8.910549999999944
8.798586999999998
8.988755000000083
8.884357000000023
8.699033999999983
8.885379999999941
8.860214000000042
8.86784799999998
8.886100000000056
8.852801999999997
8.87889199999995
8.865586000000008
8.905475000000024
8.779556999999954
8.866587000000095
8.772739000000115
8.781967000000122
8.814470999999912
8.969332000000122
8.909019000000171
8.850341999999955
8.981590000000097
