0.004427000000006842
0.004379999999997608
0.004372000000003595
0.004363000000012107
0.004432000000008429
0.004582999999996673
0.004275000000006912
0.004532999999995013
0.004667000000011967
0.005041000000005624
0.004710999999986143
0.004666999999997756
0.004532000000011749
0.004429999999999268
0.0048799999999999955
0.003965999999991254
0.004660000000001219
0.004489000000006627
0.004041999999998325
0.004085000000003447
0.0038700000000062573
0.003991999999996665
0.004010000000008063
0.004472000000006915
0.004176000000001068
0.004138999999995008
0.004014999999995439
0.003984000000002652
0.003968000000000416
0.003923000000000343
0.003974999999996953
0.003955000000004816
0.003982000000007702
0.0039159999999895945
0.003945999999999117
0.004008999999996377
0.004007999999998901
0.003956999999999766
0.0040000000000048885
0.004024999999998613
0.003993000000008351
0.003963000000013039
0.003940000000000055
0.003933000000003517
0.004900999999989608
0.004047999999997387
0.003907000000012317
0.0038990000000040936
0.004068000000003735
0.0039809999999960155
0.0040000000000048885
0.003912999999997169
0.003940000000000055
0.004302999999993062
0.003951999999998179
0.003944999999987431
0.003963999999996304
0.003907999999995582
0.00392800000000193
0.003985000000000127
0.004044000000007486
0.0039439999999899555
0.003962000000001353
0.003978999999986854
0.003936999999993418
0.00399299999999414
0.003976999999991904
0.003988000000006764
0.003961000000003878
0.003949999999989018
0.003895999999997457
0.0039349999999984675
0.0038239999999944985
0.003951999999998179
0.004020000000011237
0.0039310000000085665
0.004112000000006333
0.004114000000001283
0.004126999999996883
0.003934000000000992
0.003945000000001642
0.004034999999987576
0.003968000000000416
0.004621000000000208
0.004125000000001933
0.003989000000004239
0.003948999999991543
0.003963999999996304
0.003971000000007052
0.0039720000000045275
0.004052999999998974
0.003906999999998106
0.003932000000006042
0.003925999999992769
0.003950000000003229
0.00397999999999854
0.004113000000003808
0.003912999999997169
0.003809000000003948
0.004011000000005538
0.003947999999994067
0.004236000000005902
0.003983000000005177
0.003939000000002579
0.003939000000002579
0.003984000000002652
0.003969999999995366
0.0039540000000073405
0.004013999999997964
0.0039809999999960155
0.00392800000000193
0.003956000000002291
0.003970999999992841
0.003956000000002291
0.004104999999995584
0.003971000000007052
0.004018999999999551
0.004004000000009
0.0040140000000121745
0.003927000000004455
0.004086000000000922
0.003944000000018377
0.004052999999998974
0.003937999999976682
0.003860000000003083
0.003944000000018377
0.003996999999998252
0.004047999999983176
0.0040180000000020755
0.004012000000017224
0.004023000000017873
0.0039260000000069795
0.00398900000001845
0.003908999999993057
0.003983000000005177
0.004093999999980724
0.004038000000008424
0.003992000000010876
0.005350000000021282
0.00435999999999126
0.004437999999993281
0.004388000000005832
0.004187000000001717
0.004505999999992127
0.004194999999981519
0.004573999999990974
0.004047000000014123
0.0044699999999977535
0.004050000000006548
0.003911999999985483
0.0039529999999956544
0.0039939999999774045
0.004074000000002798
0.004137000000014268
0.003990999999984979
0.003967000000017151
0.003934999999984257
0.003985999999997603
0.003973000000002003
0.004085000000003447
0.003971000000007052
0.004185000000006767
0.0040370000000109485
0.0039759999999944284
0.003957000000013977
0.004027000000007774
0.0039260000000069795
0.003944000000018377
0.003935999999981732
0.003954000000021551
0.004051000000004024
0.004107000000004746
0.0040370000000109485
0.004168999999990319
0.004052000000001499
0.0038660000000163564
0.004097999999999047
0.004046000000016647
0.004105000000009795
0.004044000000021697
0.004052999999998974
0.004147999999986496
0.004177999999996018
0.004014999999981228
0.003986999999995078
0.003974999999996953
0.004051000000004024
0.003985999999997603
0.0041599999999846204
0.003961000000003878
0.004108000000002221
0.0040600000000097225
0.004069999999984475
0.0040639999999996235
0.00413000000000352
0.0040830000000084965
0.0040140000000121745
0.004598999999984699
0.004889999999988959
0.0041980000000023665
0.004414999999994507
0.003891000000010081
0.004169999999987795
0.004134999999990896
0.004058000000014772
0.004022999999989452
0.004061000000007198
0.004059000000012247
0.004024000000015349
0.0041099999999971715
0.004008999999996377
0.004004000000009
0.0039910000000134005
0.00495499999999538
0.004054999999993925
0.00419300000001499
0.004024000000015349
0.004031999999995151
0.00402800000000525
0.003950000000003229
0.004345000000000709
0.004204999999984693
0.004214000000018814
0.004112999999989597
0.0040370000000109485
0.003979999999984329
0.003933999999986781
0.004014999999981228
0.004353000000008933
0.004056999999988875
0.0040410000000008495
0.003991999999982454
0.003954999999990605
0.003987999999992553
0.004073000000005322
0.004027000000007774
0.004016000000007125
0.003962000000001353
0.004011999999988802
0.004066000000022996
0.004422000000005255
0.004216000000013764
0.004137000000014268
0.004093000000011671
0.004027999999976828
0.003996999999998252
0.003999999999990678
0.003962000000001353
0.003973000000002003
0.003819000000021333
0.004047000000014123
0.0039910000000134005
0.0038930000000050313
0.00411900000000287
0.004018999999999551
0.004023999999986927
0.004065999999994574
0.004026000000010299
0.003934000000015203
0.004082000000011021
0.003966000000019676
0.003947000000010803
0.00392999999999688
0.0039759999999944284
0.003969000000012102
0.004118000000005395
0.0039680000000146265
0.004005000000006476
0.003985999999997603
0.0038980000000208292
0.0039720000000045275
0.004075000000000273
0.0038989999999898828
0.003911999999985483
0.003962000000001353
0.003917000000001281
0.003932000000020253
0.00411900000000287
0.003849000000002434
0.003981000000010226
0.004029000000002725
0.004005000000006476
0.0040180000000020755
0.00401500000000965
0.0039680000000146265
0.004000999999988153
0.004061000000007198
0.004003999999980579
0.003965999999991254
0.003971000000007052
0.0039260000000069795
0.003967000000017151
0.003956999999985555
0.004020000000025448
0.003950000000003229
0.003982000000007702
0.00391500000000633
0.0039260000000069795
0.0039479999999798565
0.00394099999999753
0.003962000000001353
0.004068999999987
0.003959000000008928
0.003928999999999405
0.003803000000004886
0.003925000000009504
0.004018999999999551
0.003990999999984979
0.003961000000003878
0.003912000000013904
0.003925000000009504
0.003890999999981659
0.003942000000023427
0.0040300000000002
0.003911999999985483
0.003937000000007629
0.003984000000002652
0.00395599999998808
0.003956000000016502
0.004033999999990101
0.003949999999974807
0.003985999999997603
0.003908000000024003
0.003882000000004382
0.003976999999991904
0.003941999999995005
0.003981000000010226
0.0039220000000170785
0.003962999999998829
0.003959000000008928
0.0038700000000062573
0.003914999999977908
0.003998000000024149
0.003977000000020325
0.004066000000022996
0.003973999999999478
0.003976999999991904
0.0041139999999870724
0.003944999999987431
0.0039439999999899555
0.003938000000005104
0.0039529999999956544
0.0039249999999810825
0.004094000000009146
0.003991999999982454
0.003941999999995005
0.003962000000001353
0.0039450000000158525
0.003899999999987358
0.004039000000005899
0.003976999999991904
0.0039030000000082055
0.003937000000007629
0.00391500000000633
0.004052000000001499
0.004168999999990319
0.0038610000000005584
0.003957999999983031
0.003945999999984906
0.004034999999987576
0.004075000000000273
0.003956000000016502
0.003971999999976106
0.003928999999999405
0.003973000000002003
0.003990999999984979
0.003957999999983031
0.003963999999996304
0.003937000000007629
0.003962000000001353
0.003980000000012751
0.003984000000002652
0.003999000000021624
0.003961000000003878
0.00392999999999688
0.003973999999999478
0.003932999999989306
0.003964999999993779
0.0039669999999887295
0.00391300000001138
0.00394299999999248
0.003928999999999405
0.0037930000000017117
0.003986999999995078
0.003940000000000055
0.003925000000009504
0.003917000000001281
0.0040909999999882984
0.003951000000000704
0.00396899999998368
0.0039669999999887295
0.003917000000001281
0.00400200000001405
0.004098999999996522
0.00396899999998368
0.0039529999999956544
0.0039260000000069795
0.004013000000014699
0.004033999999990101
0.0041559999999947195
0.004013999999983753
0.00394299999999248
0.003888000000017655
0.003944000000018377
0.0040180000000020755
0.004012000000017224
0.0041969999999764696
0.003905000000003156
0.003934000000015203
0.003918999999996231
0.003971000000007052
0.004012000000017224
0.0039899999999875035
0.003997999999995727
0.003938000000005104
0.003912999999982958
0.00395399999999313
0.003978999999986854
0.00402800000000525
0.003946000000013328
0.003984000000002652
0.003941999999995005
0.0039479999999798565
0.003980000000012751
0.003956999999985555
0.00414299999999912
0.003948000000008278
0.003944999999987431
0.003924000000012029
0.003962000000001353
0.003971000000007052
0.003985999999997603
0.003988000000020975
0.003863999999992984
0.003957000000013977
0.003992999999979929
0.0040170000000046
0.00417299999998022
0.00395399999999313
0.0040600000000097225
0.003986999999995078
0.003905000000003156
0.003961000000003878
0.004139000000009219
0.004004999999978054
0.003982000000007702
0.004120000000000346
0.003959000000008928
0.004027000000007774
0.004120000000000346
0.003976999999991904
0.003986000000026024
0.003973000000002003
0.004097999999999047
0.003988999999990028
0.00421900000000619
0.00453600000000165
0.004018999999999551
0.003971000000007052
0.003923000000014554
0.004122000000023718
0.005057999999991125
0.004649999999998045
0.0046399999999948704
0.004349999999988086
0.004425999999995156
0.004535000000004175
0.004337999999989961
0.004379000000000133
0.004493999999994003
0.0045080000000155
0.004822000000018534
0.004251000000010663
0.0043410000000108084
0.004248000000018237
0.0042709999999885895
0.00414299999999912
0.004177000000026965
0.004060999999978776
0.004100999999991473
0.004024999999984402
0.003981000000010226
0.0039759999999944284
0.004182000000014341
0.004088999999993348
0.00384099999999421
0.004064999999997099
0.003985999999997603
0.004053999999996449
0.0039950000000033015
0.004103999999983898
0.0039989999999932024
0.004031999999995151
0.003985000000000127
0.004012000000017224
0.003963999999996304
0.003932999999989306
0.003935000000012678
0.003985999999997603
0.0039680000000146265
0.004088999999993348
0.0040170000000046
0.003981000000010226
0.003957999999983031
0.0040869999999983975
0.004029000000002725
0.004149000000012393
0.00414299999999912
0.004154999999997244
0.003992999999979929
0.004070000000012897
0.004024000000015349
0.004033999999990101
0.003984000000002652
0.004040000000003374
0.0039950000000033015
0.003960000000006403
0.003934000000015203
0.004076999999995223
0.003903999999977259
0.003981000000010226
0.003935000000012678
0.003973000000002003
0.003958000000011452
0.003973000000002003
0.0039989999999932024
0.004008999999996377
0.0039680000000146265
0.003938000000005104
0.004048999999980651
0.003990000000015925
0.004005999999975529
0.004087999999995873
0.0039720000000045275
0.0039009999999848333
0.003923000000014554
0.003939000000002579
0.003965999999991254
0.004097999999999047
0.003990999999984979
0.004080000000016071
0.003963999999996304
0.0039669999999887295
0.003954999999990605
0.004121999999995296
0.004000999999988153
0.003988999999990028
0.003992000000010876
0.004142000000001644
0.0040830000000084965
0.004187999999999192
0.004054999999993925
0.003973000000002003
0.003923999999983607
0.003935000000012678
0.0039680000000146265
0.004082000000011021
0.003997999999995727
0.004018999999999551
0.004049000000009073
0.004023999999986927
0.003939000000002579
0.0038540000000182317
0.00396899999998368
0.003948000000008278
0.004011000000019749
0.004016000000007125
0.0039220000000170785
0.003941999999995005
0.004073000000005322
0.00395599999998808
0.00394099999999753
0.0039529999999956544
0.003954999999990605
0.003973000000002003
0.004020999999994501
0.00396899999998368
0.003938000000005104
0.004096000000004096
0.004020999999994501
0.003933000000017728
0.003956000000016502
0.0040370000000109485
0.004041999999998325
0.004006000000003951
0.0039950000000033015
0.004026000000010299
0.003988999999990028
0.0039680000000146265
0.004182000000014341
0.004034999999987576
0.004121999999995296
0.004045000000019172
0.004085000000003447
0.004052000000001499
0.004005000000006476
0.004050000000006548
0.0040300000000002
0.004059000000012247
0.004056999999988875
0.00423200000000179
0.004032999999992626
0.00419300000001499
0.004029000000002725
0.004195000000009941
0.0040180000000020755
0.004261000000013837
0.004029000000002725
0.004153000000002294
0.0045210000000110995
0.004098999999996522
0.0041369999999858464
0.004049000000009073
0.0041789999999934935
0.003955000000019027
0.00413000000000352
0.004254000000003089
0.004139000000009219
0.004287000000005037
0.004032999999992626
0.0041290000000060445
0.003997999999995727
0.004177999999996018
0.0040869999999983975
0.004344000000003234
0.004095000000006621
0.004227999999983467
0.0041250000000161435
0.004230000000006839
0.004120000000000346
0.004200000000025739
0.004077999999992699
0.0042669999999986885
0.004045000000019172
0.004107000000004746
0.004116000000010445
0.0042439999999999145
0.00407099999998195
0.00402800000000525
0.00398199999997928
0.004127000000011094
0.004370999999991909
0.004116999999979498
0.004261999999982891
0.004174000000006117
0.004147999999986496
0.004174000000006117
0.004165000000000418
0.004054999999993925
0.004200999999994792
0.003996999999998252
0.004086000000000922
0.00414499999999407
0.0040170000000046
0.004031999999995151
0.004004000000009
0.00394299999999248
0.003954000000021551
0.003966000000019676
0.003959000000008928
0.003930999999994356
0.003928999999999405
0.0039490000000057535
0.003999999999990678
0.003986999999995078
0.28684700000002294
0.004087999999995873
0.003996000000000777
0.003979000000015276
0.003999000000021624
0.004133999999993421
0.003982000000007702
0.003917000000001281
0.004173000000008642
0.004041999999998325
0.004123999999990247
0.0040219999999919764
0.004135000000019318
0.004036000000013473
0.004123999999990247
0.0040600000000097225
0.004066999999992049
0.004071999999979425
0.004084000000005972
0.004006000000003951
0.004212999999992917
0.0039950000000033015
0.003944999999987431
0.003938000000005104
0.0039870000000234995
0.003959999999977981
0.003985000000000127
0.003990999999984979
0.003941999999995005
0.00398900000001845
0.003976999999991904
0.004003999999980579
0.004087999999995873
0.003969999999981155
0.003990000000015925
0.004000999999988153
0.003979000000015276
0.003941999999995005
0.00411900000000287
0.003967999999986205
0.003996000000000777
0.003982000000007702
0.003922999999986132
0.003921999999988657
0.0040830000000084965
0.003960999999975456
0.003977000000020325
0.003919999999993706
0.003944999999987431
0.003994000000005826
0.003996999999998252
0.004001000000016575
0.003823000000011234
0.004043999999993275
0.003984000000002652
0.0041750000000035925
0.003996000000000777
0.003941999999995005
0.003956000000016502
0.003956000000016502
0.0039260000000069795
0.003962000000001353
0.003931999999991831
0.003937000000007629
0.00394099999999753
0.004075999999997748
0.0040180000000020755
0.0040180000000020755
0.003994000000005826
0.0039759999999944284
0.00402800000000525
0.003981000000010226
0.003938999999974158
0.003916000000003805
0.003961000000003878
0.0039450000000158525
0.003948000000008278
0.003974999999996953
0.0038519999999948595
0.0039439999999899555
0.003948000000008278
0.004121999999995296
0.004043999999993275
0.004022999999989452
0.0040449999999907504
0.00395599999998808
0.004071000000010372
0.003960999999975456
0.00410400000001232
0.003983000000005177
0.004146000000019967
0.004016000000007125
0.003983000000005177
0.004052000000001499
0.00392800000000193
0.004134999999990896
0.004056999999988875
0.0041599999999846204
0.003994000000005826
0.003939000000002579
0.00395399999999313
0.003928999999999405
0.004003000000011525
0.0038350000000093587
0.004102999999986423
0.0040300000000002
0.003957999999983031
0.003997000000026674
0.004023999999986927
0.004046999999985701
0.0039020000000107302
0.003987999999992553
0.003951999999998179
0.003956999999985555
0.00395399999999313
0.003963999999996304
0.004105000000009795
0.003939000000002579
0.003952000000026601
0.003973000000002003
0.0039989999999932024
0.004076999999995223
0.003990999999984979
0.004018999999999551
0.003947000000010803
0.004062000000004673
0.0039899999999875035
0.003942000000023427
0.004003000000011525
0.004076999999995223
0.003988999999990028
0.003998000000024149
0.00395399999999313
0.004058000000014772
0.004036000000013473
0.004148999999983971
0.003977000000020325
0.003996000000000777
0.0039759999999944284
0.003941999999995005
0.003966000000019676
0.004076999999995223
0.004080000000016071
0.004009999999993852
0.004012000000017224
0.003935999999981732
0.004051999999973077
0.004115000000012969
0.003985000000000127
0.003979000000015276
0.003963999999996304
0.0040170000000046
0.0040410000000008495
0.004123999999990247
0.00395399999999313
0.00394099999999753
0.004075999999997748
0.004126000000013619
0.004036000000013473
0.004045999999988226
0.004110999999994647
0.004115999999982023
0.004092999999983249
0.004004000000009
0.004026999999979353
0.004138999999980797
0.0040429999999958
0.004027000000007774
0.004006000000003951
0.004012000000017224
0.003992999999979929
0.004143999999996595
0.0040410000000008495
0.004073000000005322
0.004034999999987576
0.003999999999990678
0.003973999999999478
0.003999999999990678
0.004030999999997675
0.0039989999999932024
0.003988999999990028
0.003912000000013904
0.004077999999992699
0.004856999999987011
0.004223999999993566
0.0042479999999898155
0.004068999999987
0.00424699999999234
0.0045239999999751035
0.004176999999998543
0.004056999999988875
0.004111999999992122
0.004050000000006548
0.0040129999999862775
0.004100999999991473
0.004064999999997099
0.004029000000002725
0.0040100000000222735
0.003997999999995727
0.004019999999997026
0.003959000000008928
0.003962000000001353
0.003986999999995078
0.00517199999998752
0.0041940000000124655
0.004053999999996449
0.004137999999983322
0.0038700000000062573
0.004238000000015063
0.004330999999979213
0.0040410000000008495
0.003969000000012102
0.003967000000017151
0.004007999999998901
0.004008999999996377
0.004097999999999047
0.0039870000000234995
0.003984000000002652
0.0040140000000121745
0.00401500000000965
0.003961000000003878
0.0042199999999752436
0.004424999999997681
0.004297000000008211
0.004087999999995873
0.004947999999984631
0.0043589999999937845
0.00446199999998953
0.0041520000000048185
0.004214999999987867
0.004213999999990392
0.004223000000024513
0.003921999999988657
0.004018999999999551
0.004223999999993566
0.004031999999995151
0.003996999999998252
0.004795999999998912
0.004253000000005613
0.004187999999999192
0.0043140000000221335
0.004147999999986496
0.004439000000019178
0.004054999999993925
0.004670000000004393
0.004246000000023287
0.004446000000001504
0.004111999999992122
0.004015999999978703
0.004288000000002512
0.004080000000016071
0.00401500000000965
0.004183000000011816
0.004053999999996449
0.003954999999990605
0.003964999999993779
0.004005000000006476
0.003958000000011452
0.004060999999978776
0.003993000000008351
0.004077999999992699
0.004027000000007774
0.003996999999998252
0.0040559999999914
0.00461200000000872
0.004063000000002148
0.004177999999996018
0.0040869999999983975
0.004061999999976251
0.0041060000000072705
0.004595999999992273
0.004288000000002512
0.004207000000008065
0.004700000000013915
0.004095999999975675
0.004766999999986865
0.004288000000002512
0.004311000000001286
0.004214999999987867
0.004085000000003447
0.004471999999992704
0.004224000000021988
0.004266000000001213
0.005034999999992351
0.0038509999999973843
0.004589000000009946
0.004682999999999993
0.004054999999993925
0.0047280000000000655
0.004292999999989888
0.0041789999999934935
0.004127000000011094
0.004062000000004673
0.004139000000009219
0.004018999999999551
0.004032999999992626
0.003994000000005826
0.004069000000015421
0.004070000000012897
0.0041559999999947195
0.004072000000007847
0.00406500000002552
0.004079999999987649
0.004161000000010517
0.004092000000014195
0.0041940000000124655
0.004078999999990174
0.004019999999997026
0.004041999999998325
0.004000000000019099
0.003920000000022128
0.004047000000014123
0.004001999999985628
0.0040909999999882984
0.004019999999997026
0.004014999999981228
0.004052000000001499
0.003936000000010154
0.004185000000006767
0.00418000000001939
0.0038969999999949323
0.003977000000020325
0.003960000000006403
0.004004999999978054
0.003938000000005104
0.003984000000002652
0.004154999999997244
0.004076999999995223
0.004054999999993925
0.0041139999999870724
0.004168000000021266
0.004007999999998901
0.004047000000014123
0.004003000000011525
Average: 0.004339