0.004315000000019609
0.004386000000010881
0.004949000000010528
0.004812999999984413
0.0044699999999977535
0.004367999999999483
0.004412999999999556
0.004372000000017806
0.00443400000000338
0.004407000000014705
0.004406999999986283
0.004373000000015281
0.15888000000001057
0.004406999999986283
0.0044060000000172295
0.004348000000021557
0.0044240000000002055
0.0043370000000209075
0.0043859999999824595
0.004414999999994507
0.0046130000000061955
0.004691000000008216
0.0048659999999927095
0.004396000000014055
0.004322999999999411
0.004458999999997104
0.0043410000000108084
0.004395999999985634
0.004317000000014559
0.004467000000005328
0.004362000000014632
0.004415000000022928
0.004430000000013479
0.004491999999999052
0.004391999999995733
0.004422000000005255
0.004373000000015281
0.004399999999975535
0.004573999999990974
0.004807999999997037
0.004425999999995156
0.004455999999976257
0.004453000000012253
0.004488000000009151
0.004384000000015931
0.004394000000019105
0.0046029999999746
0.00453600000000165
0.004430000000013479
0.00446199999998953
0.00440800000001218
0.004384999999984984
0.004579000000006772
0.004826999999977488
0.004985000000004902
0.004457000000002154
0.004342000000008284
0.004466000000007853
0.0043819999999925585
0.0045630000000187465
0.004556000000007998
0.0045440000000098735
0.004346000000026606
0.004573999999990974
0.004579000000006772
0.004377999999974236
0.004409000000009655
0.004501000000004751
0.00444899999999393
0.004666000000014492
0.004488999999978205
0.004442999999980657
0.004443000000009079
0.004379999999997608
0.004773000000000138
0.0044279999999901065
0.004540999999989026
0.004950999999977057
0.004692999999974745
0.0046079999999903976
0.004559000000000424
0.004353000000008933
0.006643999999994321
0.005345000000005484
0.00503100000000245
0.005106999999981099
0.005176000000005843
0.005547000000007074
0.004864999999995234
0.0050160000000119
0.005183000000016591
0.004988999999994803
0.005279999999999063
0.0050919999999905485
0.005203999999991993
0.005565999999987525
0.005153000000007069
0.0050280000000100245
0.005054999999998699
0.005396999999987884
0.005269999999995889
0.005192999999991343
0.004784999999998263
0.004811000000017884
0.004451999999986356
0.0044520000000147775
0.004454000000009728
0.00443400000000338
0.0044520000000147775
0.004399000000006481
0.004481999999995878
0.004390000000000782
0.004354999999975462
0.004363000000012107
0.004414999999994507
0.004556999999977052
0.00486799999998766
0.0044480000000248765
0.0044900000000325235
0.004710000000045511
0.00448799999998073
0.004451000000017302
0.004439999999988231
0.004453000000012253
0.004411000000004606
0.004448999999965508
0.004482999999993353
0.0048199999999951615
0.004582999999968251
0.005330000000014934
0.005067999999994299
0.0045860000000175205
0.004807999999968615
0.004401000000029853
0.004420000000038726
0.0044950000000199
0.004654000000016367
0.004847999999981312
0.004468000000031225
0.004566000000011172
0.004420999999979358
0.00428599999997914
0.004339000000015858
0.004681000000005042
0.004394999999988158
0.004943000000025677
0.0044710000000236505
0.004627000000027692
0.004660000000001219
0.004654000000016367
0.004689999999982319
0.004611000000011245
0.0045670000000086475
0.004555999999979576
0.004729999999995016
0.0048810000000116815
0.0044060000000172295
0.004369999999994434
0.004899000000023079
0.005111999999996897
0.00498299999998153
0.004828000000031807
0.004719000000022788
0.004485999999985779
0.004831999999964864
0.00525300000003881
0.004647999999974672
0.004458999999997104
0.004520000000013624
0.004439999999988231
0.00472500000000764
0.0047890000000165855
0.004538999999965654
0.00440299999996796
0.004391999999995733
0.004531999999983327
0.004596999999989748
0.004565000000013697
0.004490999999973155
0.004347999999993135
0.004324999999994361
0.00438000000002603
0.004902000000015505
0.004738000000031661
0.0047930000000064865
0.00438000000002603
0.004487000000040098
0.00442899999995916
0.004304999999988013
0.004420999999979358
0.004446000000029926
0.16353600000002189
0.0045440000000098735
0.00451599999996688
0.004418999999984408
0.004407000000014705
0.004416999999989457
0.004465000000038799
0.004499000000009801
0.00434699999999566
0.004435000000000855
0.0045709999999985484
0.004830000000026757
0.004996999999946183
0.004500000000007276
0.004382999999961612
0.004412999999999556
0.004465999999979431
0.004469999999969332
0.004393999999990683
0.0046629999999936445
0.004693000000031589
0.0044539999999528845
0.004629999999963275
0.0046169999999960964
0.004541000000017448
0.004564999999956854
0.004504999999994652
0.004594000000054166
0.004398999999978059
0.004345000000000709
0.004384000000015931
0.004887999999994008
0.00448799999998073
0.004423000000031152
0.004407000000014705
0.00446199999998953
0.004721000000017739
0.004824999999982538
0.004438999999990756
0.004542999999955555
0.004597999999987223
0.0043809999999666616
0.004492999999968106
0.0043750000000386535
0.00437299999998686
0.004464999999981956
0.004465999999979431
0.0047319999999899665
0.004442999999980657
0.0046550000000138425
0.004739000000029137
0.004909999999995307
0.004553999999984626
0.004444999999975607
0.004468999999971857
0.004488999999978205
0.004450000000019827
0.004412000000002081
0.004439999999988231
0.004510000000038872
0.004762999999968542
0.00446199999998953
0.004460999999992055
0.004536999999970703
0.004502999999999702
0.004457999999999629
0.00434699999999566
0.004337999999961539
0.0044670000000337495
0.004432000000008429
0.004595000000051641
0.004848000000038155
0.004510999999979504
0.0045210000000110995
0.004597999999987223
0.0044790000000034524
0.004486999999983254
0.004719000000022788
0.004557000000033895
0.004497999999955482
0.004455000000007203
0.004666000000042914
0.004383999999959087
0.0044940000000224245
0.0049619999999777065
0.004967000000021926
0.005006999999977779
0.006185000000016316
0.004831000000024233
0.004871999999977561
0.005101000000024669
0.004513999999971929
0.004431999999951586
0.00443599999999833
0.004596999999989748
0.004484999999988304
0.004774999999995089
0.004807000000027983
0.004470000000026175
0.004565999999954329
0.004837000000009084
0.004478000000005977
0.004489000000035048
0.004589000000009946
0.004457999999999629
0.004507000000046446
0.004386000000010881
0.00449700000001485
0.0043870000000083564
0.004412000000002081
0.004695000000026539
0.004831000000024233
0.0045020000000022264
0.0050809999999614774
0.004642999999987296
0.004606999999964501
0.004645999999979722
0.004572999999993499
0.004396999999983109
0.004535999999973228
0.004987999999968906
0.004821999999990112
0.004485000000045147
0.004476000000011027
0.0043710000000487526
0.004523999999946682
0.004496000000017375
0.004377999999974236
0.004671999999970922
0.004675999999960823
0.004310999999972864
0.004781999999977415
0.00440099999997301
0.00448999999997568
0.005335999999999785
0.005134999999995671
0.0048850000000015825
0.004639000000054239
0.0051170000000411164
0.005293999999992138
0.004637000000002445
0.004644000000041615
0.00471999999996342
0.004398999999978059
0.004371999999989384
0.004349999999988086
0.004366000000004533
0.004435000000000855
0.004298000000005686
0.004413999999997031
0.004440999999985706
0.004437999999993281
0.0046329999999557
0.00492900000000418
0.005123000000025968
0.005383999999992284
0.004472000000021126
0.004579000000035194
0.004500999999947908
0.004503999999997177
0.004419999999981883
0.004358000000024731
0.004413999999997031
0.004589000000009946
0.004562000000021271
0.004545000000007349
0.005203999999991993
0.004832000000021708
0.0045509999999922
0.004818000000000211
0.005072000000041044
0.0058180000000334076
0.004834000000016658
0.004952000000002954
0.004799999999988813
0.005327000000022508
0.004587000000014996
0.0044940000000224245
0.0043870000000083564
0.004491999999970631
0.0046010000000364926
0.00448799999998073
0.0045440000000098735
0.004362000000014632
0.004510999999979504
0.004390000000000782
0.004513999999971929
0.004673999999965872
0.004843999999991411
0.004480999999998403
0.004518999999959306
0.0044950000000199
0.004529000000047745
0.004500000000007276
0.004395000000045002
0.004773000000000138
0.005118000000038592
0.005017999999950007
0.004750000000001364
0.004620999999985997
0.006345000000010259
0.004997000000003027
0.004768000000012762
0.005017000000009375
0.004745000000013988
0.004692999999974745
0.004623000000037791
0.004849999999976262
0.004863000000000284
0.004549999999994725
0.0045250000000010004
0.004425999999966734
0.004530999999985852
0.004615999999998621
0.004893000000038228
0.004642999999987296
0.004466000000036274
0.004462999999987005
0.004429999999956635
0.004427999999961685
0.004529000000047745
0.004604000000028918
0.00446199999998953
0.004417999999986932
0.004442999999980657
0.0045440000000098735
0.004820999999992637
0.004413999999997031
0.004420999999979358
0.0045400000000199725
0.004657000000008793
0.004876000000024305
0.004524000000003525
0.0045360000000300715
0.004447999999968033
0.004411000000004606
0.004527999999993426
0.004592999999999847
0.004625999999973374
0.004436999999995805
0.004533999999978278
0.004552999999987151
0.004595999999992273
0.004821999999990112
0.00443400000000338
0.004693000000031589
0.004640999999992346
0.0045130000000312975
0.0043560000000297805
0.004520000000013624
0.004412999999999556
0.004473000000018601
0.004496000000017375
0.00445499999995036
0.004790000000014061
0.0044750000000135515
0.004573999999990974
0.0045440000000098735
0.0045210000000110995
0.004615999999998621
0.004477000000008502
0.004917999999975109
0.004493999999965581
0.004577000000040243
0.0047280000000000655
0.0048810000000116815
0.004450000000019827
0.00432100000000446
0.004447999999968033
0.004391999999995733
0.00455800000003137
0.004585000000020045
0.00438200000002098
0.004385000000013406
0.004413999999997031
0.004607000000021344
0.00483499999995729
0.0047509999999988395
0.004532999999980802
0.004412999999999556
0.004384000000015931
0.004343000000005759
0.004664999999988595
0.004305999999985488
0.004419999999981883
0.004466999999976906
0.004523999999946682
0.004399999999975535
0.0044950000000199
0.004501000000004751
0.00463799999999992
0.004716999999970994
0.004942000000028202
0.0049960000000055516
0.004630000000020118
0.004896999999971285
0.004492000000027474
0.004477000000008502
0.004510999999979504
0.004601999999977124
0.004484999999988304
0.0044860000000426226
0.004855999999961114
0.004490999999973155
0.004488000000037573
0.004631000000017593
0.004642000000046664
0.004542000000014923
0.004298000000005686
0.004450000000019827
0.004533999999978278
0.004595999999992273
0.004462000000046373
0.004474000000016076
0.004675999999960823
0.004732999999987442
0.00449700000001485
0.004596999999989748
0.004443999999978132
0.004436999999995805
0.004556999999977052
0.004528999999990901
0.004553999999984626
0.004504999999994652
0.004690999999979795
0.004592000000002372
0.004775999999992564
0.004455000000007203
0.004462999999987005
0.004657999999949425
0.004606000000023869
0.004863999999997759
0.004484999999988304
0.004569000000003598
0.004541000000017448
0.004641999999989821
0.006109000000037668
0.004619999999988522
0.004560999999966953
0.0046029999999746
0.004540999999960604
0.004896000000030654
0.00533300000000736
0.004446999999970558
0.004529999999988377
0.0044900000000325235
0.004395999999985634
0.004384000000015931
0.004437999999993281
0.004539000000022497
0.004306999999982963
0.004375999999979285
0.0045360000000300715
0.004507000000046446
0.004390000000000782
0.004503999999997177
0.0044210000000362015
0.004557999999974527
0.0044940000000224245
0.004565000000013697
0.0045210000000110995
0.004435000000000855
0.004639000000054239
0.0047700000000077125
0.004392999999993208
0.004414999999994507
0.0044520000000147775
0.004592999999999847
0.004359000000022206
0.004378999999971711
0.004293999999958942
0.0044100000000071304
0.004435000000000855
0.004606999999964501
0.004396999999983109
0.004390999999998257
0.004431000000010954
0.004765999999960968
0.004390000000000782
0.004396999999983109
0.004388000000005832
0.004366000000004533
0.004453000000012253
0.004535000000032596
0.004786999999964792
0.00452300000000605
0.004457000000002154
0.0047509999999988395
0.004494999999963056
0.004516000000023723
0.0044100000000071304
0.004461000000048898
0.004514999999969405
0.0044999999999504325
0.004534999999975753
0.004412000000002081
0.004381000000023505
0.004450000000019827
0.005265000000008513
0.0046550000000138425
0.0048160000000052605
0.005132000000003245
0.0048929999999813845
0.004522000000008575
0.004543000000012398
0.004591000000004897
0.0046169999999960964
0.004828000000031807
0.004833000000019183
0.004399999999975535
0.004408999999952812
0.004440999999985706
0.0044210000000362015
0.004437999999993281
0.004529999999988377
0.004412000000002081
0.004282999999986714
0.004447999999968033
0.0044750000000135515
0.005119000000036067
0.004611000000011245
0.0045709999999985484
0.004544999999950505
0.004660000000001219
0.004798999999991338
0.004458999999997104
0.0044900000000325235
0.004503999999997177
0.004455000000007203
0.004758999999978641
0.0047660000000178115
0.004436999999995805
0.004438999999990756
0.0044250000000261025
0.004440999999985706
0.004458999999997104
0.004436999999995805
0.0044980000000123255
0.004559999999969477
0.004528999999990901
0.004667000000040389
0.004951000000005479
0.004482999999993353
0.004703000000006341
0.004846000000043205
0.004360999999960313
0.004455000000007203
0.004440999999985706
0.004520000000013624
0.0044630000000438486
0.0045400000000199725
0.004482999999993353
0.0044400000000450746
0.0044539999999528845
0.004592999999999847
0.004673999999965872
0.004795000000001437
0.004711999999983618
0.004923000000019329
0.0045939999999973224
0.004617999999993572
0.004537999999968179
0.004528999999990901
0.004704000000003816
0.004412999999999556
0.004278999999996813
0.004880999999954838
0.004445999999973083
0.0044690000000287
0.0044330000000059044
0.0044520000000147775
0.0044560000000046784
0.004615999999998621
0.00464300000004414
0.004525999999998476
0.004472999999961758
0.004454000000009728
0.004516000000023723
0.004468999999971857
0.004742000000021562
0.0048850000000015825
0.004481999999995878
0.004528999999990901
0.004442999999980657
0.004672999999968397
0.0045860000000175205
0.004504999999994652
0.004524000000003525
0.004426000000023578
0.004568000000006123
0.005609999999990123
0.00732799999997269
0.006130999999982123
0.007813999999996213
0.0057380000000080145
0.005284000000017386
0.0052989999999795145
0.005800999999962642
0.005482000000029075
0.005268999999998414
0.0052339999999730935
0.0051229999999691245
0.005680999999981395
0.006038999999987027
0.00513100000000577
0.005107000000009521
0.004504999999994652
0.004484999999988304
0.004654000000016367
0.004566000000011172
0.004481999999995878
0.0044790000000034524
0.004480999999998403
0.004793999999947118
0.004879000000016731
0.004894999999976335
0.004477000000008502
0.00446399999998448
0.004859000000010383
0.004802999999981239
0.004706999999996242
0.0045479999999997744
0.004565000000013697
0.004818000000000211
0.004579000000035194
0.004531999999983327
0.004653000000018892
0.004657999999949425
0.004737999999974818
0.00448799999998073
0.004557000000033895
0.004449000000022352
0.004808000000025459
0.004502999999999702
0.004492000000027474
0.004481999999995878
0.004473999999959233
0.004488000000037573
0.004539999999963129
0.004505999999992127
0.004358999999965363
0.004533999999978278
0.004532999999980802
0.004552000000046519
0.007873000000017782
0.006320000000016535
0.005796999999972741
0.005418000000020129
0.00602499999996553
0.005149000000017168
0.005190000000027339
0.005366999999978361
0.00515899999999192
0.005108000000006996
0.005155999999999494
0.004914999999982683
0.005130000000008295
0.005145000000027267
0.005356000000006134
0.005097000000034768
0.004822999999987587
0.004925000000014279
0.004618999999991047
0.004425999999966734
0.004558999999972002
0.004413999999997031
0.004396000000042477
0.004613999999946827
0.004552999999987151
0.005163999999979296
0.004627999999968324
0.004539999999963129
0.0044100000000071304
0.004505999999992127
0.0045320000000401706
0.004566000000011172
0.004573999999990974
0.004546000000004824
0.004584999999963202
0.004670999999973446
0.004532999999980802
0.004523999999946682
0.004539000000022497
0.004451000000017302
0.004476000000011027
0.0046050000000263935
0.004572999999993499
0.004570000000001073
0.004370999999991909
0.004706999999996242
0.00461000000001377
0.004622999999980948
0.004505999999992127
0.004488999999978205
0.004769000000010237
0.0047470000000089385
0.005012999999962631
0.005137000000047465
0.004545000000007349
0.004657000000008793
0.004401999999970485
0.004672999999968397
0.004570000000001073
0.004502999999999702
0.0044950000000199
0.004535999999973228
0.0046010000000364926
0.004561000000023796
0.00463799999999992
0.004647999999974672
0.0046510000000239415
0.004871999999977561
0.004537000000027547
0.004675000000020191
0.004531999999983327
0.004653000000018892
0.004684999999994943
0.0044250000000261025
0.004557999999974527
0.004459999999994579
0.004536999999970703
0.00440800000001218
0.004478000000005977
0.004390999999998257
0.0047050000000012915
0.004829000000029282
0.004543000000012398
0.004437999999993281
0.004541000000017448
0.004407000000014705
0.004439999999988231
0.004512000000033822
0.004454000000009728
0.004439999999988231
0.004594999999994798
0.004362999999955264
0.004400000000032378
0.004406999999957861
0.0044750000000135515
0.004393999999990683
0.004587999999955628
0.004726000000005115
0.004331000000036056
0.004486999999983254
0.004501000000004751
0.004481999999995878
0.0044250000000261025
0.004325999999991836
0.004328999999984262
0.004519000000016149
0.004640999999992346
0.004875999999967462
0.004866999999990185
0.004486999999983254
0.004443999999978132
0.004546000000004824
0.004916999999977634
0.004628999999965799
0.004641999999989821
0.004640999999992346
0.004478000000005977
0.004524999999944157
0.004478000000005977
0.004660999999998694
0.004503999999997177
0.0044940000000224245
0.0046550000000138425
0.00475800000003801
0.0045440000000098735
0.004660999999998694
0.004488000000037573
0.004561000000023796
0.004560000000026321
0.004506999999989603
0.004506999999989603
0.004496000000017375
0.004798999999991338
0.004502999999999702
0.004868999999985135
0.0045020000000022264
0.004508999999984553
0.004535000000032596
0.004459999999994579
0.00455800000003137
0.004519000000016149
0.004502999999999702
0.004393999999990683
0.004498999999952957
0.004657000000008793
0.004970000000014352
0.004527999999993426
0.004448999999965508
0.004627999999968324
0.004653000000018892
0.0047660000000178115
0.004562000000021271
0.004476000000011027
0.004712000000040462
0.004757999999981166
0.004536999999970703
0.005714000000011765
0.004878000000019256
0.004498999999952957
0.004390999999998257
0.0044520000000147775
0.004631000000017593
0.004543000000012398
0.004425999999966734
0.004554999999982101
0.004503999999997177
0.00455800000003137
0.0044560000000046784
0.0044940000000224245
0.0044400000000450746
0.00443400000000338
0.00474599999995462
0.00481400000001031
0.004533000000037646
0.0048469999999838365
0.004454000000009728
0.0045130000000312975
0.004438999999990756
0.004405999999960386
0.0045320000000401706
0.004443999999978132
0.004454000000009728
0.004436999999995805
0.004473000000018601
0.004572999999993499
0.004765000000020336
0.00483299999996234
0.004480000000000928
0.004554000000041469
0.004496000000017375
0.004534000000035121
0.004327999999986787
0.004417999999986932
0.0042870000000334585
0.004629000000022643
0.0044100000000071304
0.004704000000003816
0.004729999999995016
0.005521999999984928
0.005549999999971078
0.006169999999997344
0.004527999999993426
0.0045440000000098735
0.0045479999999997744
0.004675000000020191
0.0048659999999927095
0.004500000000007276
0.004967999999962558
0.005151000000012118
0.004811000000017884
0.005067999999994299
0.004821999999990112
0.004660000000001219
0.004482999999993353
0.004574000000047818
0.004504999999994652
0.004448999999965508
0.004404000000022279
0.0048659999999927095
0.004627999999968324
0.004882000000009157
0.005097000000034768
0.004549999999994725
0.004833999999959815
0.004945000000020627
0.004771000000005188
0.004514999999969405
0.004506999999989603
0.004860000000007858
0.004533999999978278
0.004549999999994725
0.004615000000001146
0.00448999999997568
0.004458999999997104
0.0047010000000113905
0.004805999999973665
0.005191000000024815
0.0050459999999930005
0.0045440000000098735
0.004502999999999702
0.004466000000036274
0.004482999999993353
0.004520000000013624
0.004674999999963347
0.00443599999999833
0.004473000000018601
0.004719000000022788
0.004690999999979795
0.004521999999951731
0.004417999999986932
0.0045630000000187465
0.004552999999987151
0.004454000000009728
0.004478000000005977
0.004637000000002445
0.0045590000000288455
0.0046280000000251675
0.004460999999992055
0.0044999999999504325
0.004512999999974454
0.00483299999996234
0.004866999999990185
0.004450999999960459
0.004664999999988595
Average: 0.004940