4.373646999999892
4.447143999999753
4.54562100000021
4.449007000000165
4.53709200000003
4.499937000000045
4.445850999999948
4.427838999999949
4.420745999999781
4.386169999999765
4.4131029999998646
4.401573999999982
4.387326999999914
4.402826000000005
4.350024999999732
4.465967999999975
4.42320299999983
4.426300000000083
4.444070999999894
4.405671000000439
4.367799999999988
4.490248000000065
4.416927000000214
4.3619589999998425
4.412083000000166
4.437102999999752
4.402209999999741
4.455797000000075
4.322713000000022
4.437468999999965
4.391619999999875
4.365712999999687
4.407970000000205
4.407888999999614
4.314699000000019
4.403906000000006
4.274623999999676
4.389870999999857
4.385992999999871
4.427768000000015
4.324629999999615
4.333597000000282
4.329854999999952
4.420884000000115
4.400259999999889
4.315117999999984
4.38683600000013
4.40012200000001
4.462950000000092
4.48400300000003
4.4154020000000855
4.448541999999634
4.38344300000017
4.484958000000006
4.40563099999963
4.2792099999996935
4.3098949999998695
4.290527999999995
4.463783000000149
4.52589399999988
4.439037999999982
4.413980999999694
4.4075880000000325
4.383130000000165
4.429508000000169
4.348810999999841
4.412554
4.342523000000256
4.326646999999866
4.418957999999748
4.460265000000163
4.432577999999921
4.385527999999795
4.427618000000166
4.39034700000002
4.4350610000001325
4.451093000000128
4.319703000000118
4.4600759999998445
4.342287999999826
4.4138450000000375
4.355070999999953
4.439026999999896
4.426371999999901
4.425470000000132
4.298980000000029
4.362446000000091
4.464789999999994
4.391548999999941
4.353289000000132
4.354871000000003
4.389899000000241
4.354935000000296
4.431441000000177
4.4455699999998615
4.378928999999971
4.389177999999902
4.3410069999999905
4.4104849999998805
Average: 4.3584754.45010000000002
4.450398999999834
4.350002000000131
4.36176899999964
4.350826000000325
4.370616000000155
4.362892000000102
4.436600999999882
4.4709569999999985
4.433830999999827
4.365313999999671
4.426345999999739
4.480303999999705
4.291762999999719
4.317154000000301
4.3799840000001495
4.414087000000109
4.4324830000000475
4.518156999999974
4.39780299999984
4.492295000000013
4.394843000000037
4.403479000000061
4.422211000000061
4.386315000000195
4.465168000000176
4.408685999999761
4.340786000000207
4.523308999999699
4.456749999999829
4.381135000000086
4.44945000000007
4.408120999999937
4.465621999999712
4.439637000000403
4.375655000000279
4.381379999999808
4.445284999999785
4.464672999999948
4.410859999999957
4.403417999999874
4.432452000000012
4.402411999999913
4.423405999999886
4.444129999999859
4.2998969999998735
4.237910000000284
4.4282680000001164
4.436169999999947
4.408332999999857
4.3556109999999535
4.4440270000000055
4.46660699999984
4.496752000000015
4.4261609999998655
4.337124000000131
4.3653800000001866
4.414624999999887
4.3834099999999125
4.421173000000181
4.365243000000191
4.405883000000358
4.501529000000119
4.462821000000076
4.3667969999996785
4.401511000000028
4.4276999999997315
4.47175900000002
4.360768000000007
4.4429730000001655
4.336279000000104
4.364181999999801
4.4582419999997
4.393607999999858
4.358979999999974
4.4009360000000015
4.419210999999905
4.364093999999568
4.462633000000096
4.408205999999609
4.533169000000271
4.490376000000197
4.494869000000108
4.408100999999988
4.402298999999857
4.432749999999942
4.434048000000075
4.471522999999706
4.4523159999998825
4.325364000000263
4.408948000000237
4.390374000000065
4.365309000000252
4.349793999999747
4.396309000000201
4.4297019999999065
4.467157000000043
4.372511999999915
4.460724999999911
4.461635000000115
Average: 4.3687484.421383000000333
4.443655999999919
4.354472999999871
4.310175999999956
4.372502000000168
4.389809000000241
4.380701000000045
4.372286999999687
4.470284999999876
4.3756240000002435
4.342022999999699
4.3699730000003
4.341848000000027
4.348725999999715
4.378288999999768
4.317363000000114
4.492752999999993
4.447933999999805
4.390476999999919
4.424745000000257
4.454917999999907
4.344848000000184
4.3890669999996135
4.4259439999996175
4.4209789999999884
4.338377000000037
4.420219000000088
4.465526999999838
4.4105500000000575
4.371439000000009
4.406664999999975
4.353442000000086
4.430943000000298
4.517491000000064
4.434616000000005
4.401538999999957
4.402628000000277
4.414687999999842
4.387864999999692
4.406641000000036
4.396595000000161
4.468119000000115
4.464176999999836
4.400368000000071
4.407294000000093
4.3766050000003816
4.294327000000067
4.2787389999998595
4.467275999999856
4.503301999999621
4.454205000000002
4.38975900000014
4.38963799999965
4.402937000000293
4.371034000000236
4.43023600000015
4.397656000000097
4.437673999999788
4.4475179999999455
4.377597000000151
4.340016999999989
4.375512000000072
4.3715219999999135
4.376610999999684
4.444454999999834
4.368197999999666
4.553234999999859
4.446627999999691
4.438437999999678
4.353424000000359
4.409378999999717
4.482598000000053
4.355853999999908
4.370614999999816
4.426729999999679
4.433709000000363
4.380145999999968
4.3568380000001525
4.404452000000219
4.367373000000043
4.349783000000116
4.44738899999993
4.415391
4.3920899999998255
4.4469749999998385
4.4575719999998
4.393007000000125
4.437816000000112
4.414544000000205
4.454482000000098
4.347080000000005
4.414781999999832
4.435351000000082
4.311946999999691
4.457851000000119
4.416367000000264
4.432900000000245
4.451054999999997
4.300854999999956
Average: 4.359314