0.0020170000000234722
0.001955000000009477
0.002008999999986827
0.0019839999999931024
0.0020030000000019754
0.001978000000008251
0.0020729999999957727
0.002067000000010921
0.0020030000000019754
0.002025000000003274
0.002103000000033717
0.0019689999999741303
0.002082999999970525
0.002001000000007025
0.001974999999958982
0.0020949999999970714
0.0019770000000107757
0.0020929999999452775
0.0019710000000259242
0.0018980000000397013
0.002009999999984302
0.0019690000000309738
0.002062999999964177
0.0020279999999957
0.0020260000000007494
0.002071000000000822
0.002188999999987118
0.0020630000000210202
0.0019419999999854554
0.0021610000000009677
0.0020539999999868996
0.0019310000000132277
0.001971999999966556
0.0020640000000184955
0.0019699999999716056
0.0019649999999842294
0.002021999999954005
0.0018100000000345062
0.0019990000000120745
0.0019659999999817046
0.04313000000001921
0.002013999999974203
0.0019609999999943284
0.0021320000000173422
0.001956000000006952
0.001989000000037322
0.001986999999985528
0.002012999999976728
0.002100999999981923
0.00238000000001648
0.0022890000000188593
0.002070000000003347
0.0018039999999928114
0.0019920000000297478
0.0020609999999692263
0.0022850000000289583
0.0020309999999881256
0.0022490000000061627
0.0022449999999594183
0.001989999999977954
0.002039000000024771
0.0019500000000221007
0.0020680000000083965
0.0020150000000285218
0.001959999999996853
0.0024470000000178516
0.002200999999956821
0.0020650000000159707
0.002047000000004573
0.002085000000022319
0.0020039999999994507
0.0020460000000070977
0.0022170000000301116
0.002054000000043743
0.00199499999996533
0.00205599999998185
0.0020069999999918764
0.001997000000017124
0.0019490000000246255
0.0019849999999905776
0.00211699999999837
0.0017799999999965621
0.0020000000000095497
0.0022280000000023392
0.001787999999976364
0.0017200000000343607
0.0020380000000272958
0.0023439999999936845
0.0023820000000114305
0.0022240000000124382
0.002957999999978256
0.00220400000000609
0.002307000000030257
0.0020030000000019754
0.0020579999999768006
0.002067999999951553
0.0019480000000271502
0.0019800000000032014
0.0021689999999807696
Average: 0.002447