0.004384000000015931
0.004939000000007354
0.004619999999988522
0.0050079999999752545
0.004764999999991915
0.004721999999986792
0.004624000000006845
0.0044779999999775555
0.0047930000000064865
0.00461000000001377
0.004566999999980226
0.004592999999999847
0.004624000000006845
0.004740999999995665
0.004873999999972511
0.004602000000005546
0.0046079999999903976
0.004480000000000928
0.0046399999999948704
0.0046130000000061955
0.004644999999982247
0.0047280000000000655
0.0045900000000074215
0.004596999999989748
0.004717999999996891
0.0047779999999875145
0.004782000000005837
0.004649999999998045
0.004851000000002159
0.004615000000001146
0.00475299999999379
0.004641999999989821
0.004658999999975322
0.004762999999996964
0.0047660000000178115
0.004543999999981452
0.0045860000000175205
0.004626000000001795
0.004551999999989675
0.004711999999983618
0.0052080000000103155
0.004831999999993286
0.004783000000003312
0.00479900000001976
0.006042000000007874
0.006255999999979167
0.005163999999979296
0.005268999999998414
0.00520500000001789
0.0055370000000039
0.005334999999973888
0.004988999999994803
0.005147999999991271
0.005248999999992066
0.005312000000003536
0.005324999999999136
0.006118000000014945
0.0059600000000159525
0.005748999999980242
0.005758000000014363
0.005638000000004695
0.006113999999996622
0.005603000000007796
0.005321000000009235
0.005193999999988819
0.0051149999999893225
0.005406999999991058
0.004932999999994081
0.005397999999985359
0.004680000000007567
0.004953000000000429
0.004591000000004897
0.0047280000000000655
0.004657000000008793
0.0048889999999914835
0.004730999999992491
0.004666999999983545
0.004720999999989317
0.004643000000015718
0.004604999999997972
0.004589000000009946
0.004704000000003816
0.004647000000005619
0.00482900000000086
0.00473800000000324
0.004704000000003816
0.0045900000000074215
0.0046169999999960964
0.004624000000006845
0.004579000000006772
0.004601000000008071
0.004656000000011318
0.004575999999985925
0.004634000000010019
0.004622999999980948
0.004601000000008071
0.004598999999984699
0.004664000000019541
0.004957000000018752
0.004559999999997899
0.0046029999999746
0.004643000000015718
0.004635000000007494
0.004677999999984195
0.004556000000007998
0.00473800000000324
0.004624000000006845
0.004664999999988595
0.004707000000024664
0.004653000000018892
0.004531000000014274
0.004716000000001941
0.00463799999999992
0.00458400000002257
0.004550000000023147
0.004618999999991047
0.004557000000005473
0.004668000000009442
0.004521999999980153
0.00458400000002257
0.0045849999999916236
0.0045670000000086475
0.004595999999992273
0.004660000000001219
0.0046119999999802985
0.0047890000000165855
0.0046360000000049695
0.004609999999985348
0.004735000000010814
0.004690000000010741
0.004663000000022066
0.004671000000001868
0.004760000000004538
0.0047089999999911925
0.004709999999988668
0.004658000000006268
0.004587000000014996
0.0046119999999802985
0.004649999999998045
0.00466399999999112
0.004480000000000928
0.004644000000013193
0.004716999999999416
0.0046820000000025175
0.004589000000009946
0.00472500000000764
0.004629999999991696
0.004653000000018892
0.004803000000009661
0.004543000000012398
0.004624000000006845
0.004656000000011318
0.004609999999985348
0.004651999999992995
0.004740999999995665
0.00469900000001644
0.004631999999986647
0.004654000000016367
0.004779999999982465
0.0046550000000138425
0.004749000000003889
0.004640000000023292
0.0045659999999827505
0.0047750000000235104
0.004587999999984049
0.0045199999999852025
0.004605999999995447
0.00466399999999112
0.004619000000019469
0.00471200000001204
0.004595999999992273
0.00478099999997994
0.004539999999991551
0.004572999999993499
0.004562999999990325
0.0046859999999924185
0.004704000000003816
0.0045709999999985484
0.0045379999999966
0.004692000000005692
0.0046780000000126165
0.004581999999999198
0.004705999999998767
0.004683999999997468
0.004760000000004538
0.00479900000001976
0.004655999999982896
0.0061530000000118434
0.0054990000000145756
0.004828000000003385
0.00467899999998167
0.00494199999999978
0.005229000000014139
0.004613999999975249
0.004542000000014923
0.004538000000025022
0.004763999999994439
0.004720999999989317
0.0045900000000074215
0.004574999999988449
0.004670000000004393
0.004648000000003094
0.004602000000005546
0.004603000000003021
0.004664999999988595
0.004604999999997972
0.004543999999981452
0.004643999999984771
0.0045900000000074215
0.004942999999997255
0.004768000000012762
0.004824999999982538
0.004874999999998408
0.004581000000001723
0.004818000000000211
0.0047089999999911925
0.004684999999994943
0.004739000000000715
0.004651999999992995
0.004739000000000715
0.0048160000000052605
0.004669000000006918
0.0048429999999939355
0.004718999999994367
0.004649000000000569
0.00472500000000764
0.004646000000008144
0.00484000000000151
0.004702000000008866
0.004721999999986792
0.004648000000003094
0.00466399999999112
0.004847000000012258
0.004521999999980153
0.004597999999987223
0.004864999999995234
0.004838000000006559
0.0046360000000049695
0.004702000000008866
0.004596999999989748
0.004759000000007063
0.004648000000003094
0.004741999999993141
0.004744999999985566
0.004598000000015645
0.004807999999997037
0.004626999999999271
0.0046629999999936445
0.004733000000015863
0.00461000000001377
0.004612999999977774
0.004570000000001073
0.004586999999986574
0.004559999999997899
0.004553999999984626
0.0046999999999854936
0.004811000000017884
0.004668999999978496
0.004592000000002372
0.0045709999999985484
0.004902000000015505
0.004620000000016944
0.00461000000001377
0.0046320000000150685
0.004568000000006123
0.004582999999996673
0.00476599999998939
0.004673999999994294
0.004635000000007494
0.0046590000000037435
0.004804000000007136
0.004541999999986501
0.004769000000010237
0.0045849999999916236
0.004494999999991478
0.004533000000009224
0.0045170000000211985
0.004581000000001723
0.004617999999993572
0.0045849999999916236
0.004713999999978569
0.0046539999999879456
0.004790000000014061
0.0045440000000098735
0.004576000000014346
0.004740999999995665
0.0046629999999936445
0.0046399999999948704
0.004491999999999052
0.00457899999997835
0.0048160000000052605
0.004587000000014996
0.004603000000003021
0.0046579999999778465
0.004719999999991842
0.0047089999999911925
0.004684999999994943
0.004583999999994148
0.004573999999990974
0.004661999999996169
0.00475299999999379
0.0046320000000150685
0.004751999999996315
0.004629999999991696
0.004572999999993499
0.004600999999979649
0.004585999999989099
0.004559999999997899
0.004713000000009515
0.0046320000000150685
0.004711999999983618
0.004677000000015141
0.004698999999988018
0.0045769999999834
0.004736000000008289
0.004732000000018388
0.004592999999999847
0.004644000000013193
0.004762999999996964
0.004631999999986647
0.004560999999995374
0.004709000000019614
0.004694000000000642
0.00465099999999552
0.004676000000017666
0.004631999999986647
0.004569000000003598
0.004698999999988018
0.004637000000002445
0.0047980000000222844
0.0045509999999922
0.004578000000009297
0.0051799999999957436
0.004818999999997686
0.0046510000000239415
0.0047280000000000655
0.004564000000016222
0.004595999999992273
0.004706999999996242
0.004568000000006123
0.0045709999999985484
0.004592999999999847
0.00461000000001377
0.004651999999992995
0.00462300000000937
0.004703000000006341
0.004569000000003598
0.004645000000010668
0.004614000000003671
0.004580000000004247
0.004598000000015645
0.004580000000004247
0.004579000000006772
0.004637000000002445
0.004519000000016149
0.004686999999989894
0.004510999999979504
0.004635000000007494
0.004633000000012544
0.004811999999986938
0.004647000000005619
0.004608999999987873
0.004468000000002803
0.004607000000021344
0.004670000000004393
0.004661999999996169
0.004820999999992637
0.00476599999998939
0.004565000000013697
0.0045440000000098735
0.0046169999999960964
0.004581000000001723
0.004577999999980875
0.004761999999999489
0.004645000000010668
0.004626000000001795
0.004542000000014923
0.004751999999996315
0.004607000000021344
0.004522000000008575
0.004569000000003598
0.004560999999995374
0.004553999999984626
0.004787000000021635
0.004604000000000497
0.0046399999999948704
0.0046399999999948704
0.004561000000023796
0.004603000000003021
0.004620000000016944
0.004895000000004757
0.004666999999983545
0.0047280000000000655
0.004749000000003889
0.004640999999992346
0.004577000000011822
0.0046169999999960964
0.004530999999985852
0.004556000000007998
0.004581999999999198
0.0046029999999746
0.00452300000000605
0.004558000000002949
0.004580999999973301
0.004533000000009224
0.004709999999988668
0.004517999999990252
0.004600000000010596
0.004589000000009946
0.004596000000020695
0.004600000000010596
0.004670000000004393
0.004549999999994725
0.004603000000003021
0.00461200000000872
0.004577000000011822
0.004596999999989748
0.004671999999999343
0.0046550000000138425
0.004540999999989026
0.004574999999988449
0.0044969999999864285
0.004626999999999271
0.004558000000002949
0.004615000000001146
0.004618999999991047
0.004679999999979145
0.004546000000004824
0.004578000000009297
0.004587999999984049
0.0045379999999966
0.004572999999993499
0.004592000000002372
0.0045709999999985484
0.004686999999989894
0.004566999999980226
0.004581999999999198
0.004661999999996169
0.0046090000000162945
0.004702000000008866
0.004718000000025313
0.004662000000024591
0.004785999999995738
0.004587999999984049
0.004672999999996819
0.0045479999999997744
0.0045639999999878
0.004673999999994294
0.004780000000010887
0.0044560000000046784
0.004576000000014346
0.0047089999999911925
0.004643000000015718
0.004597999999987223
0.004556999999977052
0.004674999999991769
0.004617999999993572
0.004614000000003671
0.00457899999997835
0.0045400000000199725
0.00454899999999725
0.004753999999991265
0.004687000000018315
0.005010999999996102
0.004709000000019614
0.005397999999985359
0.0052730000000167365
0.005059999999986076
0.004832999999990761
0.004923000000019329
0.005448999999998705
0.004688999999984844
0.004763999999994439
0.004838000000006559
0.004591000000004897
0.004592999999999847
0.004486999999983254
0.006254000000012638
0.006060999999988326
0.00485299999999711
0.004619000000019469
0.0045389999999940756
0.004673999999994294
0.004500000000007276
0.004649000000000569
0.004622999999980948
0.004560999999995374
0.004640999999992346
0.0045769999999834
0.004739000000000715
0.004533000000009224
0.004611000000011245
0.004631000000017593
0.004704000000003816
0.004631999999986647
0.004596999999989748
0.004615000000001146
0.004654000000016367
0.004660999999998694
0.004660999999998694
0.004644000000013193
0.004633999999981597
0.004583000000025095
0.004604000000000497
0.004646000000008144
0.004559000000000424
0.004611000000011245
0.004609999999985348
0.004461000000020476
0.004528999999990901
0.004669999999975971
0.0049270000000092296
0.004890999999986434
0.0049080000000003565
0.005126000000018394
0.004711999999983618
0.004765000000020336
0.00536299999998846
0.005290000000002237
0.004795999999998912
0.005362000000019407
0.004665000000017017
0.0047280000000000655
0.00466399999999112
0.004618999999991047
0.005347000000000435
0.00520700000001284
0.005050999999980377
0.004771999999974241
0.004965999999996029
0.005639999999999645
0.005272999999988315
0.004712999999981093
0.004755000000017162
0.004660999999998694
0.004661999999996169
0.004675999999989244
0.00467899999998167
0.004812999999984413
0.0049080000000003565
0.004749000000003889
0.004785999999995738
0.005108000000006996
0.004892000000012331
0.005141000000008944
0.0049270000000092296
0.004975999999999203
0.004693000000003167
0.004921999999993432
0.0046399999999948704
0.004728999999997541
0.0046769999999867196
0.004750000000001364
0.004581000000001723
0.004643999999984771
0.0047430000000190375
0.004961000000008653
0.005906999999979234
0.005221000000005915
0.004704000000003816
0.004782000000005837
0.004749000000003889
0.004742999999990616
0.004722000000015214
0.0047549999999887405
0.004711000000014565
0.004700999999982969
0.004811999999986938
0.004717999999996891
0.004698999999988018
0.004656000000011318
0.004963000000003603
0.004758000000009588
0.0057110000000193395
0.00567400000002749
0.005965000000003329
0.005084000000010747
0.005279999999999063
0.005466999999981681
0.005798999999996113
0.005599000000017895
0.004905999999976984
0.004759000000007063
0.005033999999994876
0.004762999999996964
0.004692000000005692
0.004951000000005479
0.004682999999999993
0.004928000000006705
0.004575999999985925
0.006406999999995833
0.007103999999998223
0.005628999999998996
0.005059000000017022
0.004758000000009588
0.004829999999998336
0.004733999999984917
0.005563000000023521
0.0046079999999903976
0.004615000000001146
0.0045769999999834
0.0046399999999948704
0.00451000000001045
0.004516999999992777
0.004658000000006268
0.004773000000000138
0.0047700000000077125
0.004720999999989317
0.004557000000005473
0.004612999999977774
0.004785999999995738
0.0048889999999914835
0.004765000000020336
0.004615000000001146
0.004818999999997686
0.004596999999989748
0.004696999999993068
0.004653000000018892
0.004780000000010887
0.004618999999991047
0.004669999999975971
0.004633000000012544
0.004745000000013988
0.004804000000007136
0.00457899999997835
0.004720999999989317
0.005000999999992928
0.004621000000014419
0.0048199999999951615
0.004898999999994658
0.004696999999993068
0.004545000000007349
0.0046090000000162945
0.0046130000000061955
0.004847000000012258
0.004632999999984122
0.004628999999994221
0.004575999999985925
0.004686999999989894
0.004602000000005546
0.004603000000003021
0.004596000000020695
0.004632999999984122
0.004592000000002372
0.004709999999988668
0.0046539999999879456
0.004581999999999198
0.004612999999977774
0.0046999999999854936
0.004672999999996819
0.004787999999990689
0.004660999999998694
0.004784999999998263
0.004682999999999993
0.004851000000002159
0.004641000000020767
0.004717999999996891
0.0046169999999960964
0.0047010000000113905
0.0046399999999948704
0.004779000000013411
0.004489000000006627
0.004592999999999847
0.004660000000001219
0.004635000000007494
0.00490100000001803
0.004549999999994725
0.004592999999999847
0.004654000000016367
0.0046550000000138425
0.004853999999994585
0.004642000000018243
0.004688999999984844
0.004679000000010092
0.004859000000010383
0.0049539999999979045
0.004666000000014492
0.004651999999992995
0.004619999999988522
0.004749000000003889
0.004808000000025459
0.004861000000005333
0.004808999999994512
0.004855999999989535
0.004679000000010092
0.0046550000000138425
0.004802000000012185
0.0048149999999793636
0.004657000000008793
0.004649000000000569
0.004680000000007567
0.004642000000018243
0.0045769999999834
0.00491600000000858
0.004785999999995738
0.004658000000006268
0.004698999999988018
0.004529999999988377
0.0045630000000187465
0.004647000000005619
0.004569000000003598
0.004769000000010237
0.00475299999999379
0.004566000000011172
0.004677999999984195
0.0046809999999766205
0.004514999999997826
0.0045769999999834
0.004861000000005333
0.004560999999995374
0.0045860000000175205
0.004690000000010741
0.004992999999984704
0.004721000000017739
0.0047700000000077125
0.0046090000000162945
0.004797999999993863
0.004873000000003458
0.004872000000005983
0.0046820000000025175
0.006537000000008675
0.005655999999987671
0.004811999999986938
0.004718999999994367
0.004832999999990761
0.0046970000000214895
0.004709999999988668
0.004716999999999416
0.004670000000004393
0.0045020000000022264
0.004660000000001219
0.004543999999981452
0.005113999999991847
0.004704000000003816
0.004592000000002372
0.004686999999989894
0.0047010000000113905
0.004665000000017017
0.004700000000013915
0.004560999999995374
0.004647000000005619
0.0047549999999887405
0.0048390000000040345
0.0053840000000207056
0.00473999999999819
0.004617999999993572
0.004615000000001146
0.004672999999996819
0.004665000000017017
0.004574999999988449
0.004618999999991047
0.004502999999999702
0.004641000000020767
0.004574999999988449
0.0045639999999878
0.004632999999984122
0.0045900000000074215
0.0045900000000074215
0.0046309999999891716
0.004578000000009297
0.004683999999997468
0.004615000000001146
0.004668000000009442
0.0047229999999842676
0.0045389999999940756
0.004951000000005479
0.004635000000007494
0.0045659999999827505
0.004555000000010523
0.004822999999987587
0.004880000000014206
0.004617999999993572
0.005001999999990403
0.004748000000006414
0.004676000000017666
0.00461000000001377
0.004567999999977701
0.004545000000007349
0.004733000000015863
0.004750000000001364
0.00459700000001817
0.004675999999989244
0.004504999999994652
0.0045619999999928496
0.005729000000002316
0.005161999999984346
0.004773000000000138
0.0046550000000138425
0.004774999999995089
0.004692000000005692
0.0046590000000037435
0.005934999999993806
0.005259999999992715
0.004987999999997328
0.005339000000020633
0.004767000000015287
0.0047010000000113905
0.00476599999998939
0.004611000000011245
0.004837999999978138
0.004649000000000569
0.0050160000000119
0.004697999999990543
0.004734999999982392
0.00481400000001031
0.004672999999996819
0.004583999999994148
0.004667999999981021
0.004716999999999416
0.00461000000001377
0.004701999999980444
0.004622000000011894
0.004647000000005619
0.004577999999980875
0.004831999999993286
0.004525999999998476
0.004728999999997541
0.004602000000005546
0.004640999999992346
0.004687999999987369
0.004531000000014274
0.004638999999997395
0.004707000000024664
0.004557000000005473
0.004737000000005764
0.004705999999998767
0.004719999999991842
0.004849000000007209
0.00462300000000937
0.004812999999984413
0.004829999999998336
0.004686999999989894
0.0049130000000161544
0.00485499999999206
0.004583000000025095
0.004825000000010959
0.004666999999983545
0.004571999999996024
0.0045939999999973224
0.004702999999977919
0.004649000000000569
0.004577000000011822
0.004825000000010959
0.004645000000010668
0.004592999999999847
0.0046820000000025175
0.004568000000006123
0.004631999999986647
0.004700999999982969
0.004638999999997395
0.004703000000006341
0.004887999999994008
0.004615000000001146
0.004627999999996746
0.004815000000007785
0.004702000000008866
0.004680000000007567
0.004826999999977488
0.004631999999986647
0.005040000000008149
0.004919000000001006
0.004876999999993359
0.004719999999991842
0.004689000000013266
0.004676000000017666
0.004641999999989821
0.004675000000020191
0.0046079999999903976
0.00461000000001377
0.004604999999997972
0.004652000000021417
0.004761000000002014
0.004737000000005764
0.004795999999998912
0.0045709999999985484
0.004665000000017017
0.004600000000010596
0.004553000000015572
0.005153000000007069
0.00495699999999033
0.004556000000007998
0.0045670000000086475
0.0047050000000012915
0.004544999999978927
0.004657000000008793
0.004666000000014492
0.004764999999991915
0.00518499999998312
0.004759000000007063
0.004901999999987083
0.005076999999999998
0.005406999999991058
0.005508999999989328
0.004782000000005837
0.0047509999999988395
0.00544800000000123
0.004898999999994658
0.004739000000000715
0.00485499999999206
0.0052500000000179625
0.005039999999979727
0.0049999999999954525
0.004660000000001219
0.004730999999992491
0.004894000000007281
0.005000000000023874
0.004974000000004253
0.005241000000012264
0.005339999999989686
0.004970999999983405
0.004742999999990616
0.00517199999998752
0.00471400000000699
0.004806999999999562
0.004918000000003531
0.005560000000002674
0.004694000000000642
0.004614000000003671
0.004552999999987151
0.004664999999988595
0.0045939999999973224
0.004605999999995447
0.0044790000000034524
0.004746999999980517
0.004851000000002159
0.004849999999976262
0.005516000000000076
0.005425999999999931
0.2850140000000181
0.004868000000016082
0.005357000000003609
0.005955000000000155
0.004771000000005188
0.00488099999998326
0.004720999999989317
0.004828000000003385
0.004604000000000497
0.0045709999999985484
0.0047240000000101645
0.00472500000000764
0.004635000000007494
0.004784000000000788
0.00466399999999112
0.004624000000006845
0.0047509999999988395
0.004631999999986647
0.0046360000000049695
0.004717999999996891
0.004614999999972724
0.004726000000005115
0.004628999999994221
0.00469199999997727
0.00463799999999992
0.004944999999992206
0.004622000000011894
0.004638999999997395
0.004784999999998263
0.004674999999991769
0.004722000000015214
0.004634000000010019
0.0046859999999924185
0.0046629999999936445
0.0046309999999891716
0.0045619999999928496
0.0046309999999891716
0.004618000000021993
0.004547000000002299
0.00462300000000937
0.00463799999999992
0.0047969999999963875
0.0046399999999948704
0.004681000000005042
0.004580000000004247
0.004623999999978423
0.00472700000000259
0.004728999999997541
0.00463799999999992
0.004666999999983545
0.004638999999997395
0.004669000000006918
0.004485000000016726
0.0047010000000113905
0.004647000000005619
0.004570000000001073
0.004587000000014996
0.004671999999999343
0.00462300000000937
0.004902000000015505
0.004851000000002159
0.00472700000000259
0.004719000000022788
0.004721999999986792
0.0050039999999853535
0.004903999999982034
0.004784999999998263
0.0050499999999829015
0.0048810000000116815
0.005020999999999276
0.005316000000021859
Average: 0.005025