0.0015409999999747015
0.0016029999999886968
0.0015139999999860265
0.0015740000000050713
0.001504000000011274
0.0015229999999633037
0.0015720000000101209
0.0020249999999464308
0.001487000000054195
0.00153499999998985
0.001465999999993528
0.0015470000000163964
0.001500999999962005
0.0017120000000545588
0.0015369999999848005
0.0015139999999860265
0.001607999999976073
0.0016529999999761458
0.0016390000000114924
0.0015399999999772263
0.001565999999968426
0.001495000000033997
0.0014830000000074506
0.001553999999998723
0.001465999999993528
0.0015419999999721767
0.0015749999999457032
0.0014899999999897773
0.001519999999970878
0.0015060000000062246
0.0015419999999721767
0.0016069999999785978
0.001515999999980977
0.0016660000000001673
0.001564000000030319
0.0014979999999695792
0.0015609999999810498
0.0015220000000226719
0.0015470000000163964
0.001487000000054195
0.0015430000000264954
0.0015000000000213731
0.0016469999999912943
0.001496999999972104
0.001561999999978525
0.0016599999999584725
0.0017780000000016116
0.0015720000000101209
0.0015440000000239706
0.0015290000000049986
0.0016080000000329164
0.0015750000000025466
0.0015249999999582542
0.0015629999999760003
0.0015899999999646752
0.0014810000000125
0.0015260000000125729
0.0015660000000252694
0.0015520000000037726
0.0014830000000074506
0.0015690000000176951
0.0015149999999835018
0.0015240000000176224
0.0015169999999784523
0.0015549999999961983
0.0015909999999621505
0.001511999999991076
0.0015899999999646752
0.0015419999999721767
0.001622999999995045
0.0015010000000188484
0.001557999999988624
0.0015179999999759275
0.001488999999992302
0.0014649999999960528
0.001504000000011274
0.0015400000000340697
0.0015109999999936008
0.0016160000000127184
0.001564000000030319
0.0015510000000062973
0.001565999999968426
0.0015900000000215186
0.0014800000000150249
0.0015649999999709507
0.001553999999998723
0.0014979999999695792
0.0016019999999912216
0.0015829999999823485
0.0014899999999897773
0.0014800000000150249
0.0015390000000365944
0.0015490000000113469
0.0015729999999507527
0.0014679999999884785
0.0015909999999621505
0.0015510000000062973
0.001542999999969652
0.0015520000000037726
Average: 0.001537