0.002430000000003929
0.0028449999999793363
0.002449000000012802
0.002579999999966276
0.0023310000000265063
0.0024319999999988795
0.002472000000011576
0.0025459999999952743
0.0027980000000411565
0.0024750000000040018
0.002525000000048294
0.0025179999999522806
0.002993000000003576
0.0028029999999716892
0.002277999999989788
0.0024029999999584106
0.002276999999992313
0.0024890000000254986
0.0024750000000040018
0.002644000000032065
0.0023400000000037835
0.002553999999975076
0.0023149999999532156
0.002601000000026943
0.0027339999999753672
0.002698000000009415
0.04343799999998055
0.0025629999999523534
0.0025420000000053733
0.00248799999997118
0.0023069999999734137
0.0023540000000252803
0.0025770000000306936
0.00249500000001035
0.002490000000022974
0.0025749999999788997
0.0027680000000032123
0.002518999999949756
0.0027000000000043656
0.002580999999963751
0.002594999999985248
0.0026809999999954925
0.0024960000000078253
0.002506000000039421
0.0022909999999569663
0.0024850000000355976
0.002471000000014101
0.0022739999999998872
0.002564999999947304
0.002789000000007036
0.003175999999996293
0.002437000000043099
0.0029159999999706088
0.0024869999999737047
0.0026650000000358887
0.0025039999999876272
0.0025019999999926767
0.002622999999971398
0.0023620000000050823
0.00267100000002074
0.0025000000000545697
0.0022369999999796164
0.0024610000000393484
0.0025899999999978718
0.0026640000000384134
0.0025540000000319196
0.0027760000000398577
0.0026319999999486754
0.0025269999999864012
0.0023390000000063083
0.002884000000051401
0.002735000000029686
0.0025919999999928223
0.002792999999996937
0.0025279999999838765
0.002606000000014319
0.0025489999999877
0.0026030000000218934
0.0023370000000113578
0.0028520000000185064
0.0023370000000113578
0.002838999999994485
0.002552999999977601
0.002521999999999025
0.0024980000000027758
0.0024899999999661304
0.00258200000001807
0.002862999999990734
0.003460999999958858
0.003666000000009717
0.0034779999999727806
0.002862999999990734
0.0025919999999928223
0.0025509999999826505
0.002464999999972406
0.00275800000002846
0.0026659999999765205
0.002796999999986838
0.002598000000034517
Average: 0.002982