0.0021570000000110667
0.0019120000000043547
0.0016620000000102664
0.0018689999999992324
0.0018530000000396285
0.002078999999980624
0.001638999999954649
0.002770999999995638
0.0019139999999993051
0.002292000000011285
0.0019070000000169784
0.0030409999999960746
0.002361000000007607
0.00232600000003913
0.0024369999999862557
0.002013999999974203
0.002024000000005799
0.001989000000037322
0.001836000000025706
0.0021250000000350155
0.00208199999997305
0.001722999999969943
0.0020260000000007494
0.0017209999999749925
0.0019409999999879801
0.001886000000013155
0.0019570000000044274
0.0019209999999816318
0.001633000000026641
0.001990999999975429
0.0017589999999927386
0.0018600000000219552
0.0017469999999661923
0.0019369999999980791
0.0017970000000104847
0.0018220000000042091
0.0018179999999574648
0.001810999999975138
0.0018969999999853826
0.0015760000000000218
0.0018239999999991596
0.0018390000000181317
0.0018259999999941101
0.0018220000000042091
0.0016139999999609245
0.001749999999958618
0.0018059999999877618
0.0018129999999700885
0.0017969999999536412
0.0018340000000307555
0.0018549999999777356
0.0017569999999977881
0.0018160000000193577
0.001771000000019285
0.0018790000000308282
0.0018870000000106302
0.0018640000000118562
0.0017660000000319087
0.0018460000000004584
0.0016150000000152431
0.001795999999956166
0.0018830000000207292
0.0018460000000004584
0.0018110000000319815
0.0017960000000130094
0.0017869999999788888
0.0018239999999991596
0.0018709999999941829
0.0017939999999612155
0.0018870000000106302
0.001997999999957756
0.0018129999999700885
0.0019940000000246982
0.001821000000006734
0.0018369999999663378
0.0018450000000029831
0.0018790000000308282
0.0019439999999804058
0.0018049999999902866
0.0017910000000256332
0.0017759999999498177
0.0018179999999574648
0.0018160000000193577
0.0017809999999940374
0.0018220000000042091
0.0017619999999851643
0.001748000000020511
0.001806999999985237
0.0018019999999978609
0.0022409999999695174
0.0016249999999899956
0.0017880000000332075
0.0017700000000218097
0.0016109999999684987
0.0016379999999571737
0.0015740000000050713
0.0016259999999874708
0.0018499999999903594
0.001767000000029384
Average: 0.001857