0.0050650000000018736
0.006194000000000699
0.005690000000001305
0.005926000000002318
0.005423999999997875
0.005012999999998158
0.0052880000000001814
0.005093000000002235
0.005197000000002561
0.005218999999996754
0.005192000000000974
0.005196999999995455
0.007943000000004474
0.006041000000003294
0.006150999999995577
0.0058509999999998286
0.0059570000000022105
0.0061549999999996885
0.006083000000003835
0.005630000000003577
0.005192999999998449
0.005254999999998233
0.005203999999999098
0.005550999999996975
0.005203999999999098
0.005210999999995636
0.005164999999998088
0.005238999999995997
0.005251000000001227
0.0051410000000018385
0.0052830000000057
0.005098000000003822
0.005102999999998303
0.0054149999999992815
0.005195000000000505
0.005176000000005843
0.005223999999998341
0.00514400000000137
0.005263000000006457
0.005300999999995781
0.005293999999999244
0.00509599999999466
0.00506899999999888
0.00517099999999715
0.005118999999993434
0.005113999999998953
0.005202000000004148
0.005245000000002165
0.005130999999998664
0.0051640000000006125
0.005075000000005048
0.00510699999999531
0.0051109999999994216
0.005192999999998449
0.005183999999999855
0.005226999999997872
0.0051690000000022
0.005268999999998414
0.005141999999999314
0.005186000000001911
0.005149000000002957
0.00522099999999881
0.005213000000004797
0.005190000000006023
0.0052400000000005775
0.005082000000001585
0.00522099999999881
0.0051180000000030645
0.0051589999999990255
0.005253000000003283
0.005250000000003752
0.0051799999999957436
0.005287000000002706
0.005257000000000289
0.005293999999999244
0.0063989999999947145
0.00601999999999947
0.005904999999998495
0.005456999999999823
0.0051660000000026685
0.005282000000001119
0.005431000000001518
0.005147000000000901
0.005185999999994806
0.0051480000000054815
0.005318000000002598
0.0050900000000027035
0.005228999999999928
0.005136999999997727
0.005175000000001262
0.005282999999998594
0.005355999999999028
0.005248000000001696
0.005028000000002919
0.005183999999999855
0.0051690000000022
0.0051640000000006125
0.0051660000000026685
0.005111999999996897
0.005142999999996789
0.005061000000004867
0.005265999999998883
0.005220000000001335
0.0052170000000018035
0.005130999999998664
0.005105000000000359
0.005002000000004614
0.005123000000004652
0.005057999999998231
0.00524599999999964
0.005240999999998053
0.005161999999998557
0.00529700000000588
0.005079999999999529
0.005172999999999206
0.005115000000003533
0.005252000000005808
0.0051710000000042555
0.0052880000000001814
0.0056359999999955335
0.005276000000002057
0.0051869999999993865
0.0051360000000002515
0.005161000000001081
0.00520800000000321
0.0050829999999990605
0.0051869999999993865
0.005148999999995851
0.00506899999999888
0.005127000000001658
0.005311000000006061
0.0051059999999978345
0.005364999999997622
0.0052120000000002165
0.005155000000002019
0.005231999999999459
0.005163000000003137
0.005070000000003461
0.005117999999995959
0.005086999999996067
0.00513300000000072
0.004996999999995921
0.004995999999998446
0.005191000000003498
0.005162999999996032
0.005165000000005193
0.005203000000001623
0.005122000000000071
0.005191999999993868
0.0051660000000026685
0.005219999999994229
0.005100999999996247
0.005198999999997511
0.005031999999999925
0.0051690000000022
0.005125999999997077
0.005076999999999998
0.005189999999998918
0.005235999999996466
0.005172000000001731
0.0051890000000014425
0.00530800000000653
0.005422999999993294
0.005147999999991271
0.0052120000000002165
0.005051999999992063
0.005152000000009593
0.005311000000006061
0.005109000000004471
0.005071000000000936
0.0051339999999981956
0.004984000000007427
0.005111999999996897
0.0051020000000079335
0.0050970000000063465
0.005203000000008728
0.005105000000000359
0.005020999999999276
0.005213999999995167
0.005099999999998772
0.00515700000001118
0.005231999999992354
0.005222000000003391
0.005026000000000863
0.005274999999997476
0.005161999999998557
0.005191000000010604
0.005228000000002453
0.005493999999998778
0.005190999999996393
0.005076999999999998
0.005054999999998699
0.005098000000003822
0.00514599999999632
0.0050600000000002865
0.005217999999999279
0.005217999999999279
0.005050999999994588
0.0050869999999889615
0.005261000000004401
0.005243000000007214
0.005108000000006996
0.005196000000012191
0.00506800000000851
0.005152000000009593
0.0050689999999917745
0.005002000000004614
0.005050000000011323
0.005084999999994011
0.005147000000008006
0.0052400000000005775
0.0051749999999941565
0.005216000000004328
0.005197000000009666
0.0051569999999969696
0.005109000000004471
0.005153999999990333
0.005138000000002307
0.005113999999991847
0.005201999999997042
0.00509399999999971
0.005048999999999637
0.005077999999997473
0.005140999999994733
0.005117999999995959
0.005246999999997115
0.00514599999999632
0.005078999999994949
0.005064000000004398
0.005140999999994733
0.0052360000000106766
0.005319999999997549
0.005184999999997331
0.005117999999995959
0.0051660000000026685
0.005307000000001949
0.005390999999988821
0.005092000000004759
0.005167999999997619
0.005228999999999928
0.0051799999999957436
0.005196999999995455
0.005211000000002741
0.005121000000002596
0.005076999999999998
0.005204999999989468
0.005105000000000359
0.005146999999993795
0.005248000000008801
0.005210000000005266
0.005390000000005557
0.005245000000002165
0.005157999999994445
0.005195000000000505
0.005380999999999858
0.005214999999992642
0.005268000000000939
0.005276999999992427
0.005228000000002453
0.005196000000012191
0.005246999999997115
0.005221000000005915
0.005178999999998268
0.0053740000000033206
0.0053269999999940865
0.005183999999999855
0.005156000000013705
0.005039999999993938
0.005188000000003967
0.005213999999995167
0.005268000000000939
0.005035000000006562
0.005149000000002957
0.005151000000012118
0.0051569999999969696
0.0051569999999969696
0.0051020000000079335
0.005201999999997042
0.00517000000000678
0.005630999999993946
0.005353999999996972
0.00513300000000072
0.005083999999996536
0.005185999999994806
0.005066999999996824
0.005204999999989468
0.005289000000004762
0.005270999999993364
0.005393999999995458
0.00594300000000203
0.005321999999992499
0.005390000000005557
0.005304999999992788
0.005296999999998775
0.005217999999999279
0.005155000000002019
0.00518300000000238
0.005128000000013344
0.005169999999992569
0.005144999999998845
0.00528500000000065
0.00515899999999192
0.005178999999998268
0.005363000000002671
0.00518300000000238
0.005358000000001084
0.0052820000000082246
0.005380999999999858
0.0052820000000082246
0.00523300000000404
0.005077999999997473
0.005200000000002092
0.005253000000010388
0.005336999999997261
0.0052120000000002165
0.0050600000000002865
0.005178999999998268
0.005214000000009378
0.005279999999999063
0.005183999999999855
0.00518300000000238
0.00517000000000678
0.005035000000006562
0.005161000000001081
0.005256000000002814
0.0050740000000075725
0.005000999999992928
0.005122000000000071
0.005057999999991125
0.005088999999998123
0.005332000000009884
0.005155000000002019
0.005142000000006419
0.005101999999993723
0.005217999999999279
0.005098999999987086
0.005051999999992063
0.005196999999995455
0.005054999999998699
0.005241999999995528
0.005207999999996105
0.005238000000005627
0.005167000000000144
0.005201999999997042
0.005221000000005915
0.005172000000001731
0.005091000000007284
0.005219999999994229
0.005060999999997762
0.005080000000006635
0.005150999999997907
0.005015000000000214
0.0050880000000006476
0.005099999999998772
0.00514400000000137
0.005219999999994229
0.0051430000000038945
0.005062000000009448
0.005082000000001585
0.005015999999997689
0.005124000000009232
0.005094999999997185
0.005102999999991198
0.005041999999988889
0.005107999999992785
0.005172000000001731
0.005332000000009884
0.005312000000003536
0.005127000000001658
0.005359999999996035
0.005193999999988819
0.005124999999992497
0.00524599999999964
0.00544800000000123
0.0051250000000067075
0.00509399999999971
0.005332999999993149
0.005158000000008656
0.005065999999999349
0.005187000000006492
0.005161999999998557
0.005187000000006492
0.005058000000005336
0.005211000000002741
0.005127999999999133
0.005281000000010749
0.005046999999990476
0.004984000000007427
0.0051940000000030295
0.005082000000001585
0.0050280000000100245
0.005281000000010749
0.00514599999999632
0.005164999999990982
0.005141999999992208
0.00524599999999964
0.0050880000000006476
0.00523300000000404
0.005055999999996175
0.005190999999996393
0.005078999999994949
0.0051430000000038945
0.00513100000000577
0.00504399999999805
0.005203999999991993
0.005248999999992066
0.00517000000000678
0.005321000000009235
0.005099999999998772
0.0052120000000002165
0.00525899999999524
0.005149000000002957
0.005278000000004113
0.005121000000002596
0.005147000000008006
0.0052360000000106766
0.005388999999993871
0.005189999999998918
0.005248000000008801
0.005269999999995889
0.005098000000003822
0.005167000000000144
0.005232000000006565
0.0053970000000020946
0.0053600000000102455
0.005253999999993653
0.0052349999999989905
0.0052859999999981255
0.005101999999993723
0.005136000000007357
0.005037999999998988
0.005077999999997473
0.005161999999998557
0.005353999999996972
0.005151000000012118
0.005135999999993146
0.00517000000000678
0.005252999999996177
0.005307000000001949
0.005290000000002237
0.005265000000008513
0.005348999999995385
0.005257000000000289
0.005178999999998268
0.005242999999993003
0.005241000000012264
0.005082000000001585
0.005314999999995962
0.005243000000007214
0.005100999999996247
0.0050880000000006476
0.005107999999992785
0.005447000000003754
0.005094999999997185
0.005129000000010819
0.005123999999995021
0.005126999999987447
0.005234000000001515
0.005318000000002598
0.0072920000000067375
0.006929999999996994
0.005796000000003687
0.005335999999999785
0.005251000000001227
0.005630999999993946
0.005152000000009593
0.00528500000000065
0.005266000000005988
0.0051799999999957436
0.005359999999996035
0.00532000000001176
0.005211000000002741
0.00523300000000404
0.005284000000003175
0.005192000000008079
0.0053460000000029595
0.005186999999992281
0.005251999999998702
0.005345000000005484
0.005206999999998629
0.00519599999999798
0.005415999999996757
0.005204999999989468
0.005295000000003824
0.0052629999999993515
0.005269999999995889
0.005251000000001227
0.005257000000000289
0.005353999999996972
0.005313999999998487
0.005261000000004401
0.005425000000002456
0.005293999999992138
0.005206999999998629
0.005189999999998918
0.005170999999990045
0.0052820000000082246
0.005189999999998918
0.005248000000008801
0.005228999999999928
0.005393000000012194
0.005257000000000289
0.005126000000004183
0.005218999999996754
0.005251999999998702
0.005138000000002307
0.0050880000000006476
0.00525899999999524
0.00515899999999192
0.005190999999996393
0.005122000000000071
0.005189999999998918
0.005092000000004759
0.005012999999991052
0.00695899999999483
0.005368000000004258
0.005515000000002601
0.005257000000000289
0.005196999999995455
0.005330999999998198
0.005255000000005339
0.00536299999998846
0.005274999999997476
0.005289000000004762
0.005293999999992138
0.005419000000003393
0.0052770000000066375
0.005189999999998918
0.005241999999995528
0.0052360000000106766
0.005184999999997331
0.005414000000001806
0.005279999999999063
0.005177999999986582
0.005229999999997403
0.005245000000002165
0.005278999999987377
0.005588000000003035
0.00519599999999798
0.005130999999991559
0.005271000000007575
0.005401000000006206
0.005116000000001009
0.005313000000001011
0.005178000000000793
0.005190999999996393
0.00525899999999524
0.00520899999999358
0.005086000000005697
0.00524599999999964
0.005286000000012336
0.00514400000000137
0.005229999999997403
0.00527199999999084
0.005299000000007936
0.00523300000000404
0.005228999999999928
0.005314999999995962
0.005281999999994014
0.005343000000010534
0.005532999999999788
0.005329000000003248
0.005413000000004331
0.005505000000013638
0.005381999999997333
0.005187999999989756
0.006366999999997347
0.005910999999997557
0.005170999999990045
0.0051890000000014425
0.0055899999999979855
0.005394999999992933
0.0053729999999916345
0.005420999999998344
0.005433999999993944
0.005453000000002817
0.005910999999997557
0.005447000000003754
0.005242000000009739
0.005206999999998629
0.005767000000005851
0.005977000000001453
0.006759999999999877
0.005935000000008017
0.005087000000003172
0.005218999999996754
0.005482000000000653
0.005353999999996972
0.005780000000001451
0.005109000000004471
0.00532399999998745
0.005205999999986943
0.005176000000005843
0.005413000000004331
0.005200999999999567
0.00570399999999438
0.0053510000000045466
0.005261000000004401
0.00518300000000238
0.00519599999999798
0.0058900000000079444
0.0053280000000057726
0.005290000000002237
0.005253000000010388
0.005132000000003245
0.005283999999988964
0.0053000000000054115
0.005775999999997339
0.005448999999998705
0.005288999999990551
0.005390999999988821
0.00544999999999618
0.005450999999993655
0.005355000000008658
0.005246999999997115
0.005487999999999715
0.006512999999998215
0.005862000000007583
0.006042000000007874
0.0053920000000005075
0.005705999999989331
0.005289000000004762
0.005245000000002165
0.005201999999997042
0.0051620000000127675
0.005271000000007575
0.005953000000005204
0.005413000000004331
0.005392999999997983
0.0052770000000066375
0.0053510000000045466
0.005386000000001445
0.005496999999991203
0.005431000000001518
0.0053460000000029595
0.00534799999999791
0.005413000000004331
0.005359999999996035
0.005361999999990985
0.0059679999999957545
0.006038000000003763
0.005889999999993734
0.005809999999996762
0.005427000000011617
0.00557600000000491
0.005441000000004692
0.005286999999995601
0.0070440000000076
0.006658000000001607
0.006651999999988334
0.006551999999999225
0.005957000000009316
0.006282999999996264
0.0061709999999948195
0.007413999999997145
0.006422999999998069
0.005775999999997339
0.005821999999994887
0.005560000000002674
0.005988000000002103
0.00589100000000542
0.005962999999994167
0.0069780000000037035
0.005688000000006355
0.005385999999987234
0.005446000000006279
0.005327000000008297
0.005246999999997115
0.0055490000000020245
0.005628000000001521
0.005312000000003536
0.005314999999995962
0.005227000000004978
0.005100999999996247
0.005185999999994806
0.0051569999999969696
0.005295000000003824
0.005341000000001372
0.005206999999998629
0.005390999999988821
0.005239000000003102
0.005299000000007936
0.005263999999996827
0.005244000000004689
0.005273000000002526
0.005268000000000939
0.005224999999995816
0.005150999999997907
0.005234000000001515
0.0051200000000051205
0.0051339999999981956
0.005276000000009162
0.005082000000001585
0.005217999999999279
0.005206000000001154
0.005279999999999063
0.005404999999996107
0.005115000000003533
0.0050650000000018736
0.005122999999997546
0.005169000000009305
0.005417000000008443
0.005176999999989107
0.005705000000006066
0.005115999999986798
0.0051200000000051205
0.005244000000004689
0.005115000000003533
0.005102999999991198
0.0050370000000015125
0.005049999999997112
0.005117999999995959
0.005290000000002237
0.005185999999994806
0.0051940000000030295
0.005420999999998344
0.005138000000002307
0.005205000000003679
0.005187999999989756
0.005198999999990406
0.005146999999993795
0.0052130000000119026
0.0050459999999930005
0.005298999999993725
0.005172999999999206
0.005143999999987159
0.005231999999992354
0.005318000000002598
0.005244000000004689
0.005113000000008583
0.005160000000003606
0.005211000000002741
0.005155000000002019
0.005347000000000435
0.005060999999997762
0.0052400000000005775
0.005350999999990336
0.005469000000005053
0.005357000000003609
0.0054609999999968295
0.00520899999999358
0.005209999999991055
0.005281999999994014
0.005291999999997188
0.005246999999997115
0.005335999999999785
0.005255000000005339
0.005169000000009305
0.005136000000007357
0.005221000000005915
0.0052960000000013
0.0053690000000017335
0.005216000000004328
0.005186999999992281
0.005248999999992066
0.0053460000000029595
0.00543500000000563
0.005207999999996105
0.005267000000003463
0.005152000000009593
0.005211000000002741
0.005162999999996032
0.005313000000001011
0.005183999999999855
0.005313000000001011
0.00524799999999459
0.0053089999999968995
0.005299999999991201
0.005321999999992499
0.005270999999993364
0.005210000000005266
0.005311000000006061
0.005236999999993941
0.005256000000002814
0.005486000000004765
0.005231999999992354
0.005161000000001081
0.005239000000003102
0.005617000000000871
0.005366000000009308
0.005263999999996827
0.005176000000005843
0.005359999999996035
0.005184999999997331
0.005161999999998557
0.005160000000003606
0.005240999999998053
0.005146000000010531
0.005127999999999133
0.005163000000010243
0.005172999999999206
0.00500499999999704
0.005273000000002526
0.0053000000000054115
0.005225999999993292
0.006641000000001895
0.005865000000000009
0.005392999999997983
0.005289000000004762
0.005616000000003396
0.00538500000000397
0.005288000000007287
0.00514400000000137
0.006445999999996843
0.005375000000000796
0.005200999999999567
0.005367000000006783
0.005525000000005775
0.005162999999996032
0.005290000000002237
0.005276000000009162
0.005180999999993219
0.005380999999999858
0.0052120000000002165
0.005279000000001588
0.005139999999997258
0.005122999999997546
0.005132000000003245
0.005395000000007144
0.005121000000002596
0.005219999999994229
0.005249000000006276
0.005138999999999783
0.005062000000009448
0.005239000000003102
0.005150999999997907
0.005161999999998557
0.005313000000001011
0.005217999999999279
0.005253000000010388
0.0050639999999901875
0.005196000000012191
0.005644000000003757
0.005808999999999287
0.005316000000007648
0.005377000000009957
0.005845999999991136
0.005314999999995962
0.005241999999995528
0.0051430000000038945
0.005327999999991562
0.005324999999999136
0.0054149999999992815
0.0053830000000090195
0.0052120000000002165
0.005431000000001518
0.005364999999997622
0.005127999999999133
0.005427999999994881
0.007328999999998587
0.006475999999992155
0.005684000000002243
0.005634000000000583
0.005977999999998929
0.005248000000008801
0.005242999999993003
0.005255000000005339
0.005337999999994736
0.005251000000001227
0.005290999999999713
0.0050600000000002865
0.005185999999994806
0.005209999999991055
0.00516800000001183
0.005344999999991273
0.005232000000006565
0.0052859999999981255
0.005235999999996466
0.005304999999992788
0.005155000000002019
0.005365999999995097
0.0052629999999993515
0.005304999999992788
0.005348999999995385
0.00541099999999517
0.006462999999996555
0.005417999999991707
0.005250000000003752
0.005225999999993292
0.005229999999997403
0.005180000000009954
0.0052899999999880265
0.005164000000007718
0.005302999999997837
0.0051569999999969696
0.005122999999997546
0.00519599999999798
0.005199999999987881
0.005118999999993434
0.005294000000006349
0.00514400000000137
0.005278000000004113
0.005215000000006853
0.0051940000000030295
0.0051660000000026685
0.0053549999999944475
0.00518100000000743
0.005352000000002022
0.0053000000000054115
0.005298999999993725
0.005180999999993219
0.00529799999999625
0.005206999999998629
0.005078999999994949
0.005234000000001515
0.005270999999993364
0.005114000000006058
0.005362000000005196
0.005168999999995094
0.005062999999992712
0.005250000000003752
0.005320999999995024
0.0051569999999969696
0.005314999999995962
0.005200000000002092
0.005217999999999279
0.0051430000000038945
0.005093000000002235
0.005167000000000144
0.00533500000000231
0.005146000000010531
0.005090999999993073
0.005085000000008222
0.005139999999997258
0.005132000000003245
0.005384999999989759
0.005290000000002237
0.005253999999993653
0.005223000000000866
0.005246999999997115
0.005214000000009378
0.005340000000003897
0.005161999999998557
0.005241999999995528
0.00518100000000743
0.005532999999999788
0.005312000000003536
0.005116000000001009
0.005624999999994884
0.005188999999987232
0.005124999999992497
0.0051289999999966085
0.005291999999997188
0.005188000000003967
0.00509399999999971
0.005189999999998918
0.005195000000000505
0.005115000000003533
0.0052310000000090895
0.005126000000004183
0.005015999999997689
0.0051250000000067075
0.005265000000008513
0.005190999999996393
0.005066999999996824
0.005129000000010819
0.0053370000000114715
0.00553899999999885
0.005250999999987016
0.005126999999987447
0.005245000000002165
0.005409999999997694
0.005215000000006853
0.005251999999998702
0.005266000000005988
0.005127999999999133
0.005237999999991416
0.005200999999999567
0.005290999999999713
0.005276000000009162
0.005255000000005339
0.005239000000003102
0.005237000000008152
0.005345000000005484
0.005419000000003393
0.005192999999991343
0.005212999999997692
0.005265000000008513
0.005221000000005915
0.005250999999987016
0.005333999999990624
0.005185999999994806
0.005347000000000435
0.005217999999999279
0.005120999999988385
0.005091000000007284
0.005184999999997331
0.005104000000002884
0.005140999999994733
0.0051940000000030295
0.00514599999999632
0.005082000000001585
0.0051339999999981956
0.00518100000000743
0.005116999999998484
0.005282999999991489
0.005107999999992785
0.005028999999993289
0.0054340000000081545
Average: 0.005281