0.0025960000000395667
0.0020630000000210202
0.002644000000032065
0.002120999999988271
0.002667999999971471
0.002024000000005799
0.0022759999999948377
0.0030309999999644788
0.0022109999999884167
0.0026879999999778192
0.0024219999999672837
0.0028379999999970096
0.00283299999995279
0.0025479999999902248
0.0024700000000166256
0.0023569999999608626
0.002701999999999316
0.0023519999999734864
0.002514000000019223
0.002356000000020231
0.002154000000018641
0.0024060000000076798
0.0021820000000047912
0.002377999999964686
0.002242999999964468
0.002644999999972697
0.002211999999985892
0.002469999999959782
0.002376999999967211
0.0021900000000414366
0.0022969999999986612
0.0019849999999905776
0.002276999999992313
0.0022489999999493193
0.0024730000000090513
0.002108000000021093
0.0021109999999566753
0.00223700000003646
0.0024219999999672837
0.0023429999999962092
0.045370000000048094
0.002445999999963533
0.0021539999999617976
0.002070000000003347
0.0022529999999960637
0.002490000000022974
0.0021780000000148902
0.044577000000003864
0.002181000000007316
0.0021309999999630236
0.002449000000012802
0.0022109999999884167
0.0023249999999848114
0.002097999999989497
0.0023249999999848114
0.0022620000000301843
0.0021679999999832944
0.002165999999988344
0.0020860000000197942
0.002356000000020231
0.002207999999995991
0.002136000000007243
0.0022360000000389846
0.0022970000000555046
0.002126000000032491
0.0022470000000112123
0.0022969999999986612
0.0021140000000059445
0.0020269999999982247
0.0020929999999452775
0.0020269999999982247
0.002184999999997217
0.002188000000046486
0.002220999999963169
0.0022069999999985157
0.002460999999982505
0.0021760000000199398
0.002158000000008542
0.0022160000000326363
0.002230999999994765
0.002162999999995918
0.002066000000013446
0.002024000000005799
0.0022670000000175605
0.0022969999999986612
0.0020740000000500913
0.0023259999999822867
0.002116000000000895
0.0023029999999835127
0.0025380000000154723
0.002261999999973341
0.002048000000002048
0.0022109999999884167
0.002491999999961081
0.0021140000000059445
0.002594999999985248
0.0022379999999770916
0.0020640000000184955
0.0025200000000040745
Average: 0.003123