4.232503999999949
4.43202000000008
4.417662999999948
4.447671000000014
4.487314000000083
4.472598000000062
4.35425900000007
4.444509000000039
4.488704999999982
4.480237999999986
4.459308999999962
4.373339999999985
4.533231000000001
4.59871899999996
4.508092000000033
4.4994369999999435
4.461773999999991
4.411141999999927
4.4061530000000175
4.4275709999999435
4.481816999999978
4.407938000000058
4.417091000000028
4.429397999999992
4.488009000000034
4.464868000000024
4.417662000000064
4.40132600000004
4.335928999999965
4.421055000000024
4.384313999999904
4.3775090000001455
4.380261000000019
4.430282000000034
4.387728999999808
4.467002999999977
4.357160000000022
4.397467000000006
4.444764000000077
4.319880000000012
4.37905099999989
4.366698000000042
4.322093999999879
4.428427000000056
4.435345999999981
4.376762000000099
4.353974999999991
4.466722000000118
4.42243899999994
4.329842999999983
4.3653679999999895
4.5761099999999715
4.352560999999923
4.341423000000077
4.341991000000007
4.4071829999998045
4.308596999999963
4.348381000000018
4.47133400000007
4.4553880000000845
4.406570999999985
4.4417580000001635
4.382569000000103
4.397694999999885
4.310000000000173
4.434770999999955
4.424748000000136
4.466228000000001
4.364508000000114
4.409045999999989
4.366508999999951
4.270682999999963
4.422850000000153
4.36030199999982
4.3940869999998995
4.416328000000021
4.468368000000055
4.460685000000012
4.264922999999953
4.4311649999999645
4.309297999999899
4.419701999999916
4.430922999999893
4.242620999999872
4.4527140000000145
4.367224999999962
4.425844999999981
4.402929000000086
4.406930999999986
4.415671999999859
4.37272199999984
4.387181000000055
4.421900999999934
4.417151999999987
4.38761599999998
4.477906000000075
4.4867759999999635
4.3533820000000105
4.449431999999888
4.464737000000014
4.365330999999969
4.438840000000027
4.463489999999865
4.442339999999831
4.3800679999999375
4.2866760000001705
4.248734999999897
4.421759999999949
4.42163000000005
4.50768499999981
4.352632000000085
4.425025000000005
4.4367520000000695
4.372691000000032
4.2931720000001405
4.356140000000096
4.395958999999948
4.4203849999998965
4.331560000000081
4.3583390000001145
4.386250000000018
4.4197169999999915
4.484441000000061
4.42585199999985
4.4331180000001496
4.378060000000005
4.505165999999917
4.503782000000001
4.485552999999982
4.42846099999997
4.482065000000148
4.378844000000072
4.349891999999954
4.3775929999999335
4.321844999999939
4.342045999999982
4.404699000000164
4.320562000000109
4.414271999999983
4.320264999999836
4.450708000000077
4.487137999999959
4.3623710000001665
4.37816799999996
4.324501999999939
4.357668999999987
4.414502000000084
4.4111400000001595
4.458682000000181
4.467441999999892
4.380417999999963
4.327271999999994
4.461295000000064
4.327863999999863
4.4134250000001884
4.336479000000054
4.475767000000133
4.43424200000004
4.3919469999998455
4.442688000000089
4.437166999999818
4.466439000000037
4.415106000000151
4.488565999999992
4.347847999999885
4.3846719999999095
4.384861000000001
4.330470999999989
4.406887000000097
4.291881999999987
4.421610999999984
4.392805999999837
4.438441000000012
4.443147000000181
4.478693999999905
4.4539290000000165
4.398576999999932
4.463040000000092
