3.400000002784509e-05
3.399999997100167e-05
2.0000000006348273e-05
1.499999996212864e-05
1.6000000016447302e-05
1.5999999959603883e-05
1.500000001897206e-05
1.8000000011397788e-05
1.500000001897206e-05
1.900000000887303e-05
2.1000000003823516e-05
1.799999995455437e-05
3.1999999976051186e-05
2.0000000006348273e-05
1.900000000887303e-05
4.0000000012696546e-05
2.2999999998774e-05
1.7000000013922545e-05
1.7000000013922545e-05
1.900000000887303e-05
1.8000000011397788e-05
1.900000000887303e-05
1.6000000016447302e-05
1.6000000016447302e-05
3.300000003036985e-05
2.1000000003823516e-05
1.900000000887303e-05
1.900000000887303e-05
1.5999999959603883e-05
1.500000001897206e-05
1.5999999959603883e-05
1.6000000016447302e-05
1.500000001897206e-05
2.0000000006348273e-05
2.6999999988674972e-05
1.900000000887303e-05
1.499999996212864e-05
1.799999995455437e-05
1.499999996212864e-05
1.5999999959603883e-05
1.6999999957079126e-05
1.500000001897206e-05
1.8000000011397788e-05
1.6999999957079126e-05
1.6000000016447302e-05
2.6999999988674972e-05
1.6000000016447302e-05
1.900000000887303e-05
1.8000000011397788e-05
1.499999996212864e-05
1.5999999959603883e-05
1.7000000013922545e-05
1.900000000887303e-05
1.8000000011397788e-05
1.6000000016447302e-05
1.6000000016447302e-05
2.6999999988674972e-05
1.7000000013922545e-05
1.500000001897206e-05
2.0000000006348273e-05
1.8000000011397788e-05
2.200000000129876e-05
1.799999995455437e-05
1.799999995455437e-05
1.900000000887303e-05
1.900000000887303e-05
1.500000001897206e-05
2.6000000048043148e-05
1.900000000887303e-05
1.900000000887303e-05
2.1000000003823516e-05
1.6000000016447302e-05
1.499999996212864e-05
1.7000000013922545e-05
1.5999999959603883e-05
1.799999995455437e-05
1.6000000016447302e-05
1.6999999957079126e-05
1.500000001897206e-05
1.500000001897206e-05
2.8999999983625457e-05
1.7000000013922545e-05
1.900000000887303e-05
1.900000000887303e-05
1.6000000016447302e-05
1.6000000016447302e-05
1.500000001897206e-05
1.8000000011397788e-05
1.499999996212864e-05
1.6000000016447302e-05
1.5999999959603883e-05
1.500000001897206e-05
1.5999999959603883e-05
1.6000000016447302e-05
1.8000000011397788e-05
1.500000001897206e-05
1.7000000013922545e-05
2.6000000048043148e-05
1.900000000887303e-05
Average: 0.000019