3.5999999994373866e-05
4.999999998744897e-05
3.300000000194814e-05
3.300000000194814e-05
2.9000000012047167e-05
2.6999999988674972e-05
2.7999999986150215e-05
2.6999999988674972e-05
3.499999999689862e-05
3.099999997857594e-05
3.000000000952241e-05
2.700000001709668e-05
2.599999999119973e-05
2.7999999986150215e-05
2.8999999983625457e-05
2.5000000022146196e-05
3.2000000004472895e-05
2.2999999998774e-05
2.3999999996249244e-05
2.7999999986150215e-05
4.200000000764703e-05
2.7999999986150215e-05
2.9000000012047167e-05
2.599999999119973e-05
2.7999999986150215e-05
2.4999999993724487e-05
2.200000000129876e-05
2.4999999993724487e-05
2.5000000022146196e-05
3.100000000699765e-05
2.8000000014571924e-05
2.8999999983625457e-05
2.8000000014571924e-05
2.599999999119973e-05
2.8999999983625457e-05
2.4999999993724487e-05
2.2999999998774e-05
2.4999999993724487e-05
2.4999999993724487e-05
2.599999999119973e-05
3.100000000699765e-05
2.7999999986150215e-05
5.5000000003246896e-05
3.500000002532033e-05
3.100000000699765e-05
2.4999999993724487e-05
2.6999999988674972e-05
2.4000000024670953e-05
2.8999999983625457e-05
2.6999999988674972e-05
2.4999999993724487e-05
2.2999999998774e-05
2.700000001709668e-05
2.6999999988674972e-05
2.700000001709668e-05
2.3999999996249244e-05
2.2999999998774e-05
2.8000000014571924e-05
2.9000000012047167e-05
2.700000001709668e-05
2.9000000012047167e-05
2.600000001962144e-05
2.4999999993724487e-05
2.3999999996249244e-05
2.3999999996249244e-05
2.2999999998774e-05
2.3999999996249244e-05
2.8000000014571924e-05
2.8000000014571924e-05
2.700000001709668e-05
2.700000001709668e-05
2.8999999983625457e-05
3.300000000194814e-05
3.100000000699765e-05
2.4999999993724487e-05
2.6999999988674972e-05
3.100000000699765e-05
2.599999999119973e-05
2.599999999119973e-05
2.300000002719571e-05
2.3999999996249244e-05
2.9000000012047167e-05
2.6999999988674972e-05
2.8999999983625457e-05
2.4999999993724487e-05
2.7999999986150215e-05
2.6999999988674972e-05
2.3999999996249244e-05
2.2999999998774e-05
2.4999999993724487e-05
2.3999999996249244e-05
4.099999998175008e-05
3.2000000004472895e-05
3.2000000004472895e-05
3.399999999942338e-05
3.100000000699765e-05
2.7999999986150215e-05
2.4999999993724487e-05
2.99999999811007e-05
2.8000000014571924e-05
2.7999999986150215e-05
2.599999999119973e-05
2.4999999993724487e-05
3.000000000952241e-05
2.8000000014571924e-05
2.7999999986150215e-05
2.599999999119973e-05
2.599999999119973e-05
2.599999999119973e-05
2.6999999988674972e-05
2.3999999996249244e-05
2.3999999996249244e-05
2.4000000024670953e-05
3.000000000952241e-05
2.6999999988674972e-05
2.7999999986150215e-05
2.8999999983625457e-05
2.8999999983625457e-05
2.9000000012047167e-05
2.599999999119973e-05
3.8999999986799594e-05
3.300000000194814e-05
3.2000000004472895e-05
2.4999999993724487e-05
2.99999999811007e-05
3.000000000952241e-05
2.8000000014571924e-05
2.7999999986150215e-05
2.9000000012047167e-05
2.6999999988674972e-05
2.9000000012047167e-05
2.99999999811007e-05
2.99999999811007e-05
3.000000000952241e-05
2.700000001709668e-05
2.8000000014571924e-05
2.4999999993724487e-05
2.5000000022146196e-05
2.8000000014571924e-05
2.4999999993724487e-05
2.6999999988674972e-05
2.4999999993724487e-05
2.599999999119973e-05
2.6999999988674972e-05
2.4999999993724487e-05
2.3999999996249244e-05
2.599999999119973e-05
3.000000000952241e-05
2.600000001962144e-05
2.8999999983625457e-05
2.8999999983625457e-05
2.700000001709668e-05
3.100000000699765e-05
3.100000000699765e-05
2.4999999993724487e-05
2.4999999993724487e-05
2.6999999988674972e-05
2.99999999811007e-05
2.700000001709668e-05
2.700000001709668e-05
3.100000000699765e-05
2.7999999986150215e-05
3.099999997857594e-05
4.0000000012696546e-05
3.90000000152213e-05
3.799999996090264e-05
3.5999999965952156e-05
4.400000000259752e-05
3.500000002532033e-05
3.300000003036985e-05
2.99999999811007e-05
2.7999999986150215e-05
4.0000000012696546e-05
3.000000003794412e-05
3.2000000032894604e-05
3.1999999976051186e-05
2.7999999986150215e-05
2.99999999811007e-05
2.599999999119973e-05
2.9000000040468876e-05
3.000000003794412e-05
2.3999999996249244e-05
2.700000004551839e-05
2.2999999998774e-05
2.599999999119973e-05
2.8999999983625457e-05
2.7999999986150215e-05
2.99999999811007e-05
2.99999999811007e-05
2.599999999119973e-05
2.99999999811007e-05
2.3999999996249244e-05
2.599999999119973e-05
2.599999999119973e-05
3.000000003794412e-05
3.100000003541936e-05
3.000000003794412e-05
2.9000000040468876e-05
2.7999999986150215e-05
2.99999999811007e-05
2.599999999119973e-05
2.99999999811007e-05
2.6999999988674972e-05
2.6999999988674972e-05
2.7999999986150215e-05
2.7999999986150215e-05
3.799999996090264e-05
3.1999999976051186e-05
2.6999999988674972e-05
2.7999999986150215e-05
2.3999999996249244e-05
2.4999999993724487e-05
5.3999999977349944e-05
2.6999999988674972e-05
2.4999999993724487e-05
2.99999999811007e-05
3.099999997857594e-05
2.599999999119973e-05
2.7999999986150215e-05
2.200000000129876e-05
2.4000000053092663e-05
2.4999999993724487e-05
2.8999999983625457e-05
2.599999999119973e-05
2.99999999811007e-05
2.6999999988674972e-05
3.000000003794412e-05
2.99999999811007e-05
2.3999999996249244e-05
2.2999999998774e-05
2.4000000053092663e-05
2.599999999119973e-05
2.99999999811007e-05
2.7999999986150215e-05
3.000000003794412e-05
3.500000002532033e-05
2.6999999988674972e-05
3.700000002027082e-05
3.000000003794412e-05
2.6999999988674972e-05
2.3999999996249244e-05
2.7999999986150215e-05
2.599999999119973e-05
2.8000000042993634e-05
2.6999999988674972e-05
3.000000003794412e-05
2.7999999986150215e-05
2.599999999119973e-05
2.7999999986150215e-05
2.3999999996249244e-05
2.2999999998774e-05
2.9000000040468876e-05
2.599999999119973e-05
2.599999999119973e-05
3.000000003794412e-05
2.4999999993724487e-05
2.4999999993724487e-05
2.599999999119973e-05
2.4999999993724487e-05
2.6000000048043148e-05
2.4999999993724487e-05
3.099999997857594e-05
2.3999999996249244e-05
2.4999999993724487e-05
2.599999999119973e-05
2.9000000040468876e-05
2.7999999986150215e-05
3.300000003036985e-05
2.8999999983625457e-05
2.200000000129876e-05
2.2999999998774e-05
3.1999999976051186e-05
2.4999999993724487e-05
2.3999999996249244e-05
2.7999999986150215e-05
3.000000003794412e-05
2.6999999988674972e-05
2.700000004551839e-05
2.2999999998774e-05
2.6999999988674972e-05
3.099999997857594e-05
2.7999999986150215e-05
3.000000003794412e-05
2.3999999996249244e-05
2.6999999988674972e-05
2.599999999119973e-05
2.4999999993724487e-05
2.6999999988674972e-05
2.99999999811007e-05
3.099999997857594e-05
2.7999999986150215e-05
3.300000003036985e-05
2.700000004551839e-05
2.7999999986150215e-05
2.6999999988674972e-05
2.599999999119973e-05
2.7999999986150215e-05
2.2999999998774e-05
2.599999999119973e-05
2.4999999993724487e-05
2.8999999983625457e-05
2.8999999983625457e-05
2.4999999993724487e-05
2.99999999811007e-05
3.500000002532033e-05
2.3999999996249244e-05
2.599999999119973e-05
2.4999999993724487e-05
2.9000000040468876e-05
2.4999999993724487e-05
2.7999999986150215e-05
2.99999999811007e-05
2.6999999988674972e-05
2.4999999993724487e-05
2.4999999993724487e-05
3.399999997100167e-05
3.299999997352643e-05
5.199999998239946e-05
2.8999999983625457e-05
2.599999999119973e-05
2.6999999988674972e-05
2.599999999119973e-05
2.6999999988674972e-05
4.400000000259752e-05
2.599999999119973e-05
2.7999999986150215e-05
2.4999999993724487e-05
3.100000003541936e-05
2.6999999988674972e-05
2.6999999988674972e-05
2.7999999986150215e-05
2.8000000042993634e-05
2.6999999988674972e-05
2.3999999996249244e-05
2.8000000042993634e-05
2.6999999988674972e-05
2.2999999998774e-05
2.6999999988674972e-05
2.99999999811007e-05
2.6999999988674972e-05
2.6999999988674972e-05
2.6999999988674972e-05
2.99999999811007e-05
2.8999999983625457e-05
2.8999999983625457e-05
2.6999999988674972e-05
3.099999997857594e-05
2.4999999993724487e-05
2.99999999811007e-05
2.8000000042993634e-05
2.599999999119973e-05
2.6999999988674972e-05
2.8999999983625457e-05
3.4999999968476914e-05
3.099999997857594e-05
2.99999999811007e-05
2.8999999983625457e-05
2.6000000048043148e-05
2.9000000040468876e-05
4.200000000764703e-05
3.099999997857594e-05
2.99999999811007e-05
3.100000003541936e-05
2.6999999988674972e-05
2.7999999986150215e-05
3.100000003541936e-05
2.99999999811007e-05
3.6000000022795575e-05
4.6999999995023245e-05
4.099999995332837e-05
6.8999999996322e-05
4.6999999995023245e-05
4.5999999997548e-05
4.5999999997548e-05
5.199999998239946e-05
4.799999999249849e-05
4.999999998744897e-05
4.899999998997373e-05
4.5999999997548e-05
4.500000000007276e-05
4.5999999997548e-05
5.29999999798747e-05
5.1000000041767635e-05
5.499999997482519e-05
4.3000000005122274e-05
6.999999999379725e-05
5.7999999967250915e-05
4.400000000259752e-05
5.1000000041767635e-05
3.800000001774606e-05
4.0000000012696546e-05
3.700000002027082e-05
3.799999996090264e-05
5.499999997482519e-05
4.400000000259752e-05
5.199999998239946e-05
4.400000000259752e-05
4.3000000005122274e-05
3.5999999965952156e-05
2.8999999983625457e-05
3.399999997100167e-05
3.6000000022795575e-05
3.400000002784509e-05
3.099999997857594e-05
2.8999999983625457e-05
2.700000004551839e-05
4.100000001017179e-05
6.000000001904482e-05
3.399999997100167e-05
3.399999997100167e-05
3.999999995585313e-05
5.3999999977349944e-05
4.3000000005122274e-05
3.700000002027082e-05
3.8999999958377884e-05
3.4999999968476914e-05
2.7999999986150215e-05
3.400000002784509e-05
3.2000000032894604e-05
3.700000002027082e-05
3.69999999634274e-05
3.69999999634274e-05
3.500000002532033e-05
4.3000000005122274e-05
3.6000000022795575e-05
3.299999997352643e-05
3.1999999976051186e-05
2.4999999993724487e-05
2.6999999988674972e-05
4.099999995332837e-05
2.99999999811007e-05
3.1999999976051186e-05
2.6999999988674972e-05
2.7999999986150215e-05
2.6999999988674972e-05
2.6999999988674972e-05
3.500000002532033e-05
4.0000000012696546e-05
3.300000003036985e-05
3.500000002532033e-05
3.500000002532033e-05
3.100000003541936e-05
4.100000001017179e-05
3.5999999965952156e-05
3.700000002027082e-05
4.200000000764703e-05
5.9000000021569576e-05
3.999999995585313e-05
3.1999999976051186e-05
2.99999999811007e-05
2.6999999988674972e-05
3.700000002027082e-05
4.199999995080361e-05
4.500000000007276e-05
4.799999999249849e-05
5.199999998239946e-05
4.200000000764703e-05
3.6000000022795575e-05
4.999999998744897e-05
4.5999999997548e-05
4.200000000764703e-05
3.500000002532033e-05
4.400000000259752e-05
3.2000000032894604e-05
2.99999999811007e-05
3.1999999976051186e-05
3.1999999976051186e-05
2.599999999119973e-05
3.700000002027082e-05
4.2999999948278855e-05
3.500000002532033e-05
3.000000003794412e-05
3.90000000152213e-05
3.299999997352643e-05
4.5999999997548e-05
3.2000000032894604e-05
2.8999999983625457e-05
4.200000000764703e-05
5.700000002661909e-05
3.300000003036985e-05
3.90000000152213e-05
4.999999998744897e-05
3.799999996090264e-05
5.199999998239946e-05
4.200000000764703e-05
4.3000000005122274e-05
6.20000000139953e-05
3.700000002027082e-05
4.2999999948278855e-05
3.500000002532033e-05
4.0000000012696546e-05
3.099999997857594e-05
5.499999997482519e-05
3.800000001774606e-05
3.400000002784509e-05
3.299999997352643e-05
5.600000002914385e-05
3.500000002532033e-05
3.6000000022795575e-05
4.099999995332837e-05
2.6999999988674972e-05
3.5999999965952156e-05
4.200000000764703e-05
3.399999997100167e-05
4.200000000764703e-05
3.800000001774606e-05
4.100000001017179e-05
3.000000003794412e-05
4.0000000012696546e-05
4.199999995080361e-05
4.0000000012696546e-05
3.500000002532033e-05
4.500000000007276e-05
3.400000002784509e-05
3.90000000152213e-05
3.2000000032894604e-05
3.000000003794412e-05
2.99999999811007e-05
2.8999999983625457e-05
3.69999999634274e-05
3.1999999976051186e-05
2.8999999983625457e-05
3.2000000032894604e-05
2.7999999986150215e-05
2.3999999996249244e-05
2.4999999993724487e-05
2.99999999811007e-05
3.400000002784509e-05
3.100000003541936e-05
2.5000000050567905e-05
2.4999999993724487e-05
3.099999997857594e-05
2.8000000042993634e-05
2.8000000042993634e-05
2.8999999983625457e-05
3.2000000032894604e-05
2.8999999983625457e-05
2.3999999996249244e-05
2.4999999993724487e-05
2.6000000048043148e-05
3.500000002532033e-05
3.4999999968476914e-05
3.1999999976051186e-05
2.7999999986150215e-05
2.4999999993724487e-05
2.2999999998774e-05
2.99999999811007e-05
2.7999999986150215e-05
2.8000000042993634e-05
2.6999999988674972e-05
3.6000000022795575e-05
2.99999999811007e-05
2.6999999988674972e-05
2.8999999983625457e-05
2.8000000042993634e-05
2.8999999983625457e-05
2.7999999986150215e-05
2.6999999988674972e-05
2.599999999119973e-05
2.4999999993724487e-05
2.99999999811007e-05
3.6000000022795575e-05
2.8999999983625457e-05
3.299999997352643e-05
3.700000002027082e-05
3.099999997857594e-05
2.6999999988674972e-05
2.599999999119973e-05
2.2999999998774e-05
2.3999999996249244e-05
2.6999999988674972e-05
3.1999999976051186e-05
2.9000000040468876e-05
2.599999999119973e-05
3.099999997857594e-05
2.5000000050567905e-05
2.9000000040468876e-05
2.6999999988674972e-05
2.3999999996249244e-05
2.3999999996249244e-05
2.4999999993724487e-05
2.8999999983625457e-05
2.8999999983625457e-05
2.9000000040468876e-05
3.099999997857594e-05
2.3999999996249244e-05
2.3999999996249244e-05
3.6000000022795575e-05
3.799999996090264e-05
2.99999999811007e-05
2.8999999983625457e-05
4.3000000005122274e-05
3.399999997100167e-05
2.6999999988674972e-05
3.2000000032894604e-05
2.7999999986150215e-05
2.99999999811007e-05
3.300000003036985e-05
3.000000003794412e-05
2.3999999996249244e-05
2.8999999983625457e-05
5.199999998239946e-05
2.8999999983625457e-05
2.9000000040468876e-05
2.7999999986150215e-05
2.3999999996249244e-05
2.8999999983625457e-05
4.0000000012696546e-05
3.300000003036985e-05
2.3999999996249244e-05
2.6999999988674972e-05
2.4999999993724487e-05
2.8999999983625457e-05
2.8999999983625457e-05
2.4999999993724487e-05
2.7999999986150215e-05
2.99999999811007e-05
3.6000000022795575e-05
2.6999999988674972e-05
2.8999999983625457e-05
4.0000000012696546e-05
3.300000003036985e-05
2.8999999983625457e-05
3.2000000032894604e-05
3.000000003794412e-05
2.6999999988674972e-05
3.799999996090264e-05
3.400000002784509e-05
4.799999999249849e-05
3.2000000032894604e-05
3.1999999976051186e-05
3.69999999634274e-05
2.8999999983625457e-05
2.7999999986150215e-05
2.8000000042993634e-05
2.599999999119973e-05
2.99999999811007e-05
3.4999999968476914e-05
4.099999995332837e-05
4.0000000012696546e-05
2.8999999983625457e-05
2.8000000042993634e-05
3.2000000032894604e-05
3.2000000032894604e-05
3.300000003036985e-05
2.8999999983625457e-05
3.700000002027082e-05
3.700000002027082e-05
3.2000000032894604e-05
6.8999999996322e-05
4.200000000764703e-05
4.3000000005122274e-05
4.6999999995023245e-05
5.0999999984924216e-05
3.399999997100167e-05
3.2000000032894604e-05
2.99999999811007e-05
2.7999999986150215e-05
2.7999999986150215e-05
3.1999999976051186e-05
2.7999999986150215e-05
2.8000000042993634e-05
2.7999999986150215e-05
2.599999999119973e-05
2.4999999993724487e-05
2.4999999993724487e-05
2.700000004551839e-05
2.99999999811007e-05
4.0000000012696546e-05
3.1999999976051186e-05
3.099999997857594e-05
3.800000001774606e-05
3.399999997100167e-05
4.400000000259752e-05
4.0000000012696546e-05
4.0000000012696546e-05
3.69999999634274e-05
3.5999999965952156e-05
3.700000002027082e-05
3.399999997100167e-05
5.1000000041767635e-05
3.299999997352643e-05
4.5999999997548e-05
3.799999996090264e-05
3.400000002784509e-05
3.6000000022795575e-05
3.399999997100167e-05
4.3000000005122274e-05
3.700000002027082e-05
3.300000003036985e-05
3.400000002784509e-05
4.200000000764703e-05
4.199999995080361e-05
3.400000002784509e-05
3.1999999976051186e-05
2.8999999983625457e-05
3.1999999976051186e-05
3.999999995585313e-05
3.100000003541936e-05
3.000000003794412e-05
2.99999999811007e-05
2.6999999988674972e-05
2.7999999986150215e-05
2.7999999986150215e-05
2.7999999986150215e-05
2.7999999986150215e-05
2.9000000040468876e-05
2.6999999988674972e-05
2.9000000040468876e-05
2.8999999983625457e-05
2.3999999996249244e-05
2.4999999993724487e-05
2.6999999988674972e-05
2.9000000040468876e-05
2.99999999811007e-05
2.7999999986150215e-05
2.7999999986150215e-05
2.6999999988674972e-05
2.4999999993724487e-05
2.6000000048043148e-05
2.599999999119973e-05
4.099999995332837e-05
3.300000003036985e-05
2.99999999811007e-05
3.000000003794412e-05
3.400000002784509e-05
9.099999999762076e-05
4.3000000005122274e-05
3.399999997100167e-05
2.99999999811007e-05
3.100000003541936e-05
4.799999999249849e-05
3.500000002532033e-05
4.0000000012696546e-05
3.000000003794412e-05
2.6999999988674972e-05
2.700000004551839e-05
3.4999999968476914e-05
3.100000003541936e-05
2.99999999811007e-05
2.7999999986150215e-05
2.599999999119973e-05
2.7999999986150215e-05
3.400000002784509e-05
2.8999999983625457e-05
2.6999999988674972e-05
3.799999996090264e-05
3.1999999976051186e-05
2.7999999986150215e-05
2.6999999988674972e-05
2.9000000040468876e-05
2.9000000040468876e-05
3.299999997352643e-05
2.7999999986150215e-05
2.9000000040468876e-05
3.099999997857594e-05
3.500000002532033e-05
2.3999999996249244e-05
3.1999999976051186e-05
2.6999999988674972e-05
3.700000002027082e-05
3.1999999976051186e-05
3.400000002784509e-05
2.7999999986150215e-05
3.100000003541936e-05
2.8999999983625457e-05
2.9000000040468876e-05
6.300000001147055e-05
5.0999999984924216e-05
6.300000001147055e-05
4.200000000764703e-05
5.199999998239946e-05
4.0000000012696546e-05
3.800000001774606e-05
3.800000001774606e-05
4.799999999249849e-05
4.6999999995023245e-05
4.0000000012696546e-05
4.400000000259752e-05
4.3000000005122274e-05
2.99999999811007e-05
4.8000000049341907e-05
3.69999999634274e-05
3.800000001774606e-05
5.0999999984924216e-05
4.3000000005122274e-05
5.0999999984924216e-05
3.800000001774606e-05
2.700000004551839e-05
3.000000003794412e-05
2.99999999811007e-05
4.100000001017179e-05
3.90000000152213e-05
3.1999999976051186e-05
3.399999997100167e-05
3.6000000022795575e-05
3.6000000022795575e-05
3.6000000022795575e-05
2.7999999986150215e-05
3.099999997857594e-05
3.500000002532033e-05
3.300000003036985e-05
3.2000000032894604e-05
2.7999999986150215e-05
2.8000000042993634e-05
4.799999999249849e-05
4.100000001017179e-05
3.300000003036985e-05
3.399999997100167e-05
3.5999999965952156e-05
2.599999999119973e-05
3.6000000022795575e-05
2.9000000040468876e-05
2.6999999988674972e-05
2.8000000042993634e-05
2.599999999119973e-05
2.7999999986150215e-05
2.6999999988674972e-05
2.9000000040468876e-05
2.99999999811007e-05
2.6999999988674972e-05
2.8999999983625457e-05
3.000000003794412e-05
2.8999999983625457e-05
3.299999997352643e-05
3.500000002532033e-05
3.700000002027082e-05
2.99999999811007e-05
4.900000004681715e-05
3.299999997352643e-05
3.2000000032894604e-05
4.500000000007276e-05
3.799999996090264e-05
4.0000000012696546e-05
3.2000000032894604e-05
3.500000002532033e-05
3.1999999976051186e-05
2.8999999983625457e-05
3.099999997857594e-05
3.100000003541936e-05
2.99999999811007e-05
2.7999999986150215e-05
2.6999999988674972e-05
2.4999999993724487e-05
2.99999999811007e-05
3.399999997100167e-05
3.099999997857594e-05
4.799999999249849e-05
4.199999995080361e-05
3.300000003036985e-05
2.8999999983625457e-05
3.5999999965952156e-05
2.4999999993724487e-05
2.6999999988674972e-05
2.7999999986150215e-05
3.400000002784509e-05
3.300000003036985e-05
3.299999997352643e-05
2.8999999983625457e-05
3.099999997857594e-05
3.1999999976051186e-05
2.99999999811007e-05
7.199999998874773e-05
5.300000003671812e-05
5.300000003671812e-05
3.399999997100167e-05
3.099999997857594e-05
2.8999999983625457e-05
3.1999999976051186e-05
6.000000001904482e-05
4.200000000764703e-05
3.5999999965952156e-05
3.4999999968476914e-05
4.400000000259752e-05
4.500000000007276e-05
4.5999999997548e-05
4.3000000005122274e-05
4.0000000012696546e-05
3.399999997100167e-05
2.8999999983625457e-05
3.000000003794412e-05
2.7999999986150215e-05
4.5999999997548e-05
4.3000000005122274e-05
3.400000002784509e-05
3.399999997100167e-05
3.299999997352643e-05
2.8999999983625457e-05
3.500000002532033e-05
3.1999999976051186e-05
3.69999999634274e-05
5.0999999984924216e-05
3.8999999958377884e-05
3.299999997352643e-05
3.1999999976051186e-05
3.100000003541936e-05
4.5999999997548e-05
3.1999999976051186e-05
3.000000003794412e-05
2.7999999986150215e-05
3.000000003794412e-05
3.2000000032894604e-05
2.99999999811007e-05
2.599999999119973e-05
2.99999999811007e-05
2.8999999983625457e-05
3.399999997100167e-05
2.8999999983625457e-05
3.100000003541936e-05
2.4999999993724487e-05
2.3999999996249244e-05
3.500000002532033e-05
3.1999999976051186e-05
2.99999999811007e-05
3.400000002784509e-05
3.90000000152213e-05
3.099999997857594e-05
4.200000000764703e-05
3.099999997857594e-05
2.99999999811007e-05
3.300000003036985e-05
4.400000000259752e-05
4.100000001017179e-05
2.7999999986150215e-05
3.099999997857594e-05
2.8999999983625457e-05
2.99999999811007e-05
2.4999999993724487e-05
2.4999999993724487e-05
4.799999999249849e-05
4.999999998744897e-05
3.6000000022795575e-05
4.500000000007276e-05
3.2000000032894604e-05
2.99999999811007e-05
4.8000000049341907e-05
3.4999999968476914e-05
3.2000000032894604e-05
2.9000000040468876e-05
3.6000000022795575e-05
2.99999999811007e-05
2.99999999811007e-05
3.099999997857594e-05
3.500000002532033e-05
4.3000000005122274e-05
4.200000000764703e-05
4.3000000005122274e-05
3.399999997100167e-05
4.0000000012696546e-05
8.29999999609754e-05
4.100000001017179e-05
3.500000002532033e-05
3.6000000022795575e-05
4.500000000007276e-05
4.899999998997373e-05
4.0000000012696546e-05
3.700000002027082e-05
4.0000000012696546e-05
3.90000000152213e-05
3.800000001774606e-05
2.99999999811007e-05
2.8999999983625457e-05
3.400000002784509e-05
2.99999999811007e-05
4.400000000259752e-05
3.1999999976051186e-05
2.99999999811007e-05
4.200000000764703e-05
3.300000003036985e-05
3.800000001774606e-05
4.100000001017179e-05
3.4999999968476914e-05
3.099999997857594e-05
3.099999997857594e-05
4.200000000764703e-05
3.90000000152213e-05
3.400000002784509e-05
3.6000000022795575e-05
4.0000000012696546e-05
3.399999997100167e-05
4.3000000005122274e-05
4.0000000012696546e-05
2.8999999983625457e-05
3.2000000032894604e-05
5.300000003671812e-05
3.8999999958377884e-05
3.500000002532033e-05
2.99999999811007e-05
5.0999999984924216e-05
3.69999999634274e-05
4.3000000005122274e-05
3.5999999965952156e-05
3.800000001774606e-05
2.6999999988674972e-05
4.200000000764703e-05
3.69999999634274e-05
3.6000000022795575e-05
3.1999999976051186e-05
3.6000000022795575e-05
Average: 0.000033