4.427016000000094
4.476362999999765
4.466201000000183
4.468816000000061
4.439375999999811
4.456336000000192
4.538288000000193
4.5257510000001275
4.486159999999927
4.279015999999956
4.399761000000126
4.410174000000097
4.371190999999726
4.48748999999998
4.491123000000243
4.391455000000406
4.3595869999999195
4.29840699999977
4.239489000000049
4.250484000000142
4.395756000000347
4.423967000000175
4.520440999999664
4.413054999999986
4.51824600000009
4.483120000000326
4.490390999999818
4.591208000000279
4.5367419999997765
4.248384999999871
4.303349999999682
4.457030999999915
4.513365000000249
4.543220000000019
4.56870200000003
4.466563999999835
4.337904999999864
4.4076350000000275
4.535097999999834
4.362789000000248
4.383154999999988
4.479190999999901
4.531663000000208
4.522472000000107
4.485482000000047
4.479818999999679
4.4226349999999
4.491190000000188
4.409494999999879
4.292949000000135
4.244279000000006
4.291770999999699
4.44313800000009
4.444688000000042
4.496665000000121
4.493149999999787
4.4922740000001795
4.479558999999881
4.459565999999995
4.328996999999617
4.445445000000291
4.410930000000008
4.455005000000256
4.4218339999997625
4.479678000000149
4.453797000000122
4.378254000000197
4.389913999999862
4.451289999999972
4.504846000000271
4.50512899999967
4.430705000000216
4.3708990000000085
4.500851000000239
4.48064899999963
4.548614000000271
4.558915999999954
4.580495000000155
4.440387000000101
4.452776999999969
4.504757000000154
4.503897000000052
4.445267999999942
4.450652999999875
4.4937379999996665
4.459636000000046
4.432373999999982
4.478696000000127
4.5269829999997455
4.497538999999961
4.506713000000218
4.468298000000232
4.530273000000307
4.600273999999899
4.597807000000103
4.525026999999682
4.484583000000384
4.485349999999926
4.44388600000002
Average: 4.407478