0.005235999999968044
0.005763000000001739
0.005561000000000149
0.0058180000000334076
0.005635999999981323
0.00574100000000044
0.006311999999979889
0.0056690000000116925
0.005625000000009095
0.16379899999998315
0.005587999999988824
0.005468000000007578
0.0056840000000306645
0.0057530000000269865
0.0057530000000269865
0.005491000000006352
0.00565399999999272
0.005385999999987234
0.0057589999999549946
0.006007000000010976
0.00557000000003427
0.005486000000018976
0.005552000000022872
0.005368999999973312
0.005518999999992502
0.005471999999997479
0.005364999999983411
0.005668000000014217
0.0060100000000034015
0.005467000000010103
0.005576000000019121
0.0055000000000404725
0.005717000000004191
0.005663000000026841
0.005921000000000731
0.005492000000003827
0.0058530000000018845
0.006058999999993375
0.005466000000012627
0.0056460000000129185
0.0055770000000165965
0.005815999999981614
0.005718000000001666
0.005888000000027205
0.006005000000016025
0.005473999999992429
0.005273000000045158
0.005363999999985936
0.00561699999997245
0.005456000000037875
0.005613000000039392
0.00567999999998392
0.005654999999990196
0.005923000000052525
0.005511999999953332
0.005440000000021428
0.005543999999986227
0.0056190000000242435
0.005499999999983629
0.005548999999973603
0.005781000000013137
0.005622000000016669
0.005656000000044514
0.0057649999999966894
0.005938000000014654
0.005403999999998632
0.0058799999999905594
0.005643000000020493
0.005708000000026914
0.0055270000000291475
0.005579000000011547
0.005508999999960906
0.006044999999971878
0.006058999999993375
0.005714000000011765
0.005467000000010103
0.005708000000026914
0.005697999999995318
0.005660999999975047
0.005808999999999287
0.005966000000000804
0.006175000000041564
0.005521999999984928
0.0056800000000407636
0.005597000000022945
0.007501999999988129
0.006294000000025335
0.007260999999971318
0.006247000000030312
0.006596999999999298
0.006521999999961281
0.006054000000005999
0.00618000000002894
0.006560999999976502
0.006632000000024618
0.006355999999982487
0.0064509999999700085
0.006802999999990789
0.006073000000014872
0.006355999999982487
0.006448000000034426
0.006250999999963369
0.006194999999991069
0.006341000000020358
0.006069999999965603
0.006305999999995038
0.0064929999999776555
0.005940000000009604
0.006555999999989126
0.006529000000000451
0.006713999999988118
0.007108999999957177
0.005808000000001812
0.005840999999975338
0.005943999999999505
0.005742999999995391
0.005893000000014581
0.0059600000000159525
0.005521999999984928
0.00557200000002922
0.00585599999999431
0.0058799999999905594
0.0055690000000367945
0.005560000000002674
0.0055289999999672546
0.005718000000001666
0.005606999999997697
0.0055099999999583815
0.005631999999991422
0.00557000000003427
0.005793000000039683
0.005605000000002747
0.005870000000015807
0.005824000000018259
0.005461000000025251
0.005525999999974829
0.00547599999998738
0.005526999999972304
0.005601000000012846
0.005538000000001375
0.005565999999987525
0.0054960000000505715
0.005414000000030228
0.005452999999988606
0.005495999999993728
0.005629999999996471
0.0054409999999620595
0.0056420000000230175
0.005478000000039174
0.005659999999977572
0.005632999999988897
0.005610999999987598
0.005725999999981468
0.005610999999987598
0.005560000000002674
0.005527999999969779
0.005580000000009022
0.005448999999998705
0.005474999999989905
0.0057419999999979154
0.005549999999971078
0.00614699999999857
0.006555000000048494
0.00629300000002786
0.00608599999998205
0.0056920000000104665
0.005693000000007942
0.005580000000009022
0.005771999999979016
0.005535999999949581
0.005572999999969852
0.005765999999994165
0.005507000000022799
0.005647000000010394
0.005668000000014217
0.005497999999988679
0.005778000000020711
0.005866999999966538
0.005648000000007869
0.0055929999999762
0.005675999999994019
0.0055960000000254695
0.005655000000047039
0.005647000000010394
0.005770999999981541
0.005453999999986081
0.005565999999987525
0.005797999999970216
0.0058030000000144355
0.005468000000007578
0.00550399999997353
0.005714000000011765
0.005722000000048411
0.005637999999976273
0.00552999999996473
0.006000999999969281
0.00606300000004012
0.005617999999969925
0.005608999999992648
0.005613000000039392
0.005417000000022654
0.005760000000009313
0.005667000000016742
0.005435999999974683
0.005511999999953332
0.005995999999981905
0.0059410000000070795
0.005708000000026914
0.005556999999953405
0.005564000000049418
0.005478000000039174
0.005547999999976128
0.005559000000005199
0.00546899999994821
0.0055370000000039
0.0057189999999991414
0.0060409999999819775
0.005647000000010394
0.00557000000003427
0.005521999999984928
0.00573900000000549
0.005554999999958454
0.005616000000031818
0.00557200000002922
0.005606000000000222
0.0060179999999832035
0.005664999999964948
0.005842999999970289
0.006019000000037522
0.005957000000023527
0.005526999999972304
0.00562400000001162
0.005512000000010175
0.005414000000030228
0.005641000000025542
0.00574600000004466
0.005650000000002819
0.005420999999955711
0.005649000000005344
0.005699999999990268
0.006299000000012711
0.005945999999994456
0.0057879999999954634
0.005548000000032971
0.005526000000031672
0.00565199999999777
0.00547599999998738
0.005844000000024607
0.005463000000020202
0.005731000000025688
0.005955000000028576
0.005633999999986372
0.005595999999968626
0.00550399999997353
0.005680999999981395
0.005963000000008378
0.005606999999997697
0.005627000000004045
0.005703999999980169
0.005420000000015079
0.0055270000000291475
0.0057189999999991414
0.005355000000008658
0.005731000000025688
0.005693000000007942
0.005561999999997624
0.00547799999998233
0.0056730000000015934
0.005500999999981104
0.00556499999999005
0.005690000000015516
0.0055110000000127
0.005639999999971224
0.005776999999966392
0.005473999999992429
0.005648000000007869
0.005421000000012555
0.005635999999981323
0.006441999999992731
0.006451000000026852
0.005991999999992004
0.005495999999993728
0.005789000000049782
0.005474000000049273
0.0056380000000331165
0.0061900000000036925
0.005473999999992429
0.005409000000042852
0.006141000000013719
0.0056570000000419896
0.005851000000006934
0.005988000000002103
0.005529000000024098
0.005714999999952397
0.00574100000000044
0.005922999999995682
0.005973999999980606
0.006835999999964315
0.0057110000000193395
0.005655999999987671
0.005647000000010394
0.005794000000037158
0.006150999999988471
0.005619999999964875
0.005420000000015079
0.005513000000007651
0.005415000000027703
0.005803999999955067
0.005516999999997552
0.005528000000026623
0.005513000000007651
0.005632999999988897
0.006461000000001604
0.005904000000043652
0.005686999999966247
0.0058070000000043365
0.005907000000036078
0.005496999999991203
0.005729999999971369
0.006003000000021075
0.0057530000000269865
0.0056380000000331165
0.005638999999973748
0.005700999999987744
0.005634999999983847
0.005435999999974683
0.005440000000021428
0.0058450000000220825
0.0058760000000006585
0.006198000000040338
0.005664999999964948
0.0057150000000092405
0.005796000000032109
0.005811000000051081
0.005663000000026841
0.005583000000001448
0.005466000000012627
0.005716000000006716
0.0059219999999982065
0.005476999999984855
0.005453999999986081
0.0055310000000190485
0.005857999999989261
0.005709000000024389
0.00580000000002201
0.005756000000019412
0.005466000000012627
0.006127999999989697
0.005628999999998996
0.00550900000001775
0.005943999999999505
0.006540999999970154
0.006451000000026852
0.005966000000000804
0.005766000000051008
0.005981000000019776
0.005402000000003682
0.005522000000041771
0.005587999999988824
0.006118000000014945
0.005540999999993801
0.0056420000000230175
0.005939000000012129
0.005652999999995245
0.005594999999971151
0.0056960000000003674
0.005783000000008087
0.005703999999980169
0.005427999999994881
0.005515000000002601
0.00550900000001775
0.005507000000022799
0.005595000000027994
0.0056920000000104665
0.005835999999987962
0.005929999999978008
0.005565999999987525
0.00568700000002309
0.0055920000000355685
0.005532000000016524
0.0057879999999954634
0.005551000000025397
0.005597000000022945
0.005614999999977499
0.0058220000000233085
0.00602299999997058
0.0060020000000236
0.005513000000007651
0.005495999999993728
0.005530999999962205
0.005534000000011474
0.005561999999997624
0.0055270000000291475
0.0055540000000178225
0.005698999999992793
0.005432000000041626
0.005896000000007007
0.005813999999986663
0.00597099999998818
0.005479000000036649
0.005471000000000004
0.005318999999985863
0.0053430000000389555
0.0057610000000067885
0.005852000000004409
0.005632999999988897
0.005553999999960979
0.005533000000013999
0.005571999999972377
0.005409000000042852
0.00553199999995968
0.005540999999993801
0.005514000000005126
0.0057530000000269865
0.0060330000000021755
0.005632999999988897
0.005556000000012773
0.005479999999977281
0.0055559999999559295
0.005617000000029293
0.005514000000005126
0.005427999999994881
0.005496999999991203
0.00553199999995968
0.005639999999971224
0.0058720000000107575
0.005995999999981905
0.005571000000031745
0.0054550000000404
0.005561000000000149
0.005432999999982258
0.0055329999999571555
0.005482000000029075
0.16049299999997402
0.005541999999991276
0.005461999999965883
0.005447000000003754
0.005493000000001302
0.005548999999973603
0.005547000000035496
0.005628999999998996
0.0056230000000141445
0.005946999999991931
0.005575000000021646
0.005455999999981032
0.00553199999995968
0.005474999999989905
0.005888000000027205
0.005743999999992866
0.005313000000001011
0.005667999999957374
0.005679000000043288
0.005521999999984928
0.005451999999991131
0.005490000000008877
0.006628000000034717
0.005795999999975265
0.005528000000026623
0.0054869999999596075
0.005671000000006643
0.0058490000000119835
0.005450999999993655
0.005405999999993583
0.005539999999996326
0.005527999999969779
0.005642999999963649
0.005516999999997552
0.005499999999983629
0.005487000000016451
0.0055500000000279215
0.005491000000006352
0.005625000000009095
0.0056730000000015934
0.005893000000014581
0.005420000000015079
0.00541699999996581
0.005380999999999858
0.00567799999998897
0.005785000000003038
0.005555000000015298
0.005398000000013781
0.0056000000000153705
0.005812999999989188
0.0061210000000073705
0.005632999999988897
0.005606999999997697
0.0062209999999822685
0.00588199999998551
0.005598999999961052
0.0065619999999739775
0.006062999999983276
0.005977999999970507
0.0056880000000205655
0.006087999999977001
0.005882999999982985
0.005690000000015516
0.0055770000000165965
0.005525000000034197
0.0055080000000202745
0.005423000000007505
0.005892000000017106
0.005819999999971515
0.00597099999998818
0.005908000000033553
0.005684999999971296
0.005647000000010394
0.005676999999991494
0.005854999999996835
0.0056190000000242435
0.005916999999953987
0.005717000000004191
0.005870000000015807
0.006078000000002248
0.006153999999980897
0.006118000000014945
0.005524999999977354
0.005453000000045449
0.005569999999977426
0.005709999999965021
0.006435000000010405
0.005548000000032971
0.005637000000035641
0.005984999999952834
0.006241999999986092
0.005635000000040691
0.0055040000000303735
0.005512999999950807
0.005556000000012773
0.005368999999973312
0.005759000000011838
0.006150999999988471
0.005642999999963649
0.006826999999987038
0.005583000000001448
0.005448999999998705
0.005546999999978652
0.005502999999976055
0.005697999999995318
0.005639999999971224
0.005813999999986663
0.005676999999991494
0.005714999999952397
0.005852000000004409
0.005834000000049855
0.005743999999992866
0.005377000000009957
0.005618000000026768
0.005596999999966101
0.005751999999972668
0.005718000000001666
0.005640999999968699
0.005517999999995027
0.005675999999994019
0.005584999999996398
0.0059949999999844295
0.005628000000001521
0.005759000000011838
0.005674999999996544
0.00547799999998233
0.005586999999991349
0.005558000000007723
0.005544999999983702
0.005605000000002747
0.00568700000002309
0.005547999999976128
0.005632999999988897
0.005464000000017677
0.00613799999996445
0.005683999999973821
0.005867000000023381
0.005517999999995027
0.0059489999999868814
0.006322000000011485
0.005645000000015443
0.005700999999987744
0.005655000000047039
0.005499999999983629
0.005904000000043652
0.005585999999993874
0.005584999999996398
0.005535000000008949
0.00556499999999005
0.005617999999969925
0.0056190000000242435
0.0055289999999672546
0.005583000000001448
0.005966000000000804
0.005954999999971733
0.005589000000043143
0.005487000000016451
0.005334000000004835
0.005432999999982258
0.005429999999989832
0.005559000000005199
0.005628999999998996
0.005696999999997843
0.005401000000006206
0.005534000000011474
0.00573199999996632
0.005578000000014072
0.005710999999962496
0.005536000000006425
0.005644000000017968
0.005382999999994809
0.005516999999997552
0.0055519999999660286
0.0055540000000178225
0.005480000000034124
0.005652999999995245
0.006235000000003765
0.005589000000043143
0.005593999999973676
0.005882999999982985
0.0054179999999632855
0.005686000000025615
0.005352000000016233
0.005335999999999785
0.005886000000032254
0.006277999999952044
0.005670000000009168
0.005670000000009168
0.005567000000041844
0.005763000000001739
0.00547599999998738
0.005465000000015152
0.005430999999987307
0.0054810000000315995
0.005529000000024098
0.005897000000004482
0.005460999999968408
0.005499999999983629
0.005495999999993728
0.005629999999996471
0.006021999999973104
0.0058410000000321816
0.00580200000001696
0.005583000000001448
0.005370999999968262
0.005547999999976128
0.005639000000030592
0.005651000000000295
0.005897000000004482
0.005553999999960979
0.005505000000027849
0.005573999999967327
0.005610000000046966
0.005606000000000222
0.005419000000017604
0.0057340000000181135
0.005759000000011838
0.006123000000002321
0.005482000000029075
0.005502000000035423
0.005468000000007578
0.0055540000000178225
0.005575000000021646
0.005593000000033044
0.005489999999952033
0.005664999999964948
0.005825000000015734
0.006089999999971951
0.005658000000039465
0.00550399999997353
0.005486000000018976
0.005547000000035496
0.0057800000000156615
0.005318999999985863
0.005376000000012482
0.005709999999965021
0.005831999999998061
0.006133000000033917
0.005436000000031527
0.005455999999981032
0.005839999999977863
0.005489000000011401
0.005499999999983629
0.005482000000029075
0.00553199999995968
0.005550999999968553
0.005594999999971151
0.006991000000027725
0.005784999999946194
0.005781000000013137
0.0056230000000141445
0.005448999999998705
0.0055080000000202745
0.005548999999973603
0.005543999999986227
0.005874000000005708
0.006061999999985801
0.005979000000024826
0.0055770000000165965
0.005444000000011329
0.005428999999992357
0.005674999999996544
0.006044999999971878
0.005514000000005126
0.005456000000037875
0.00536099999999351
0.005583999999998923
0.005439999999964584
0.005586999999991349
0.005606999999997697
0.005724999999983993
0.005931999999972959
0.005928000000039901
0.005432000000041626
0.00550199999997858
0.0056730000000015934
0.005512000000010175
0.005723999999986518
0.005921000000000731
0.005777999999963868
0.00602299999997058
0.006761999999980617
0.0073150000000055115
0.0066520000000309665
0.005540000000053169
0.005478999999979806
0.005632999999988897
0.005808999999999287
0.0056880000000205655
0.005876999999998134
0.00559099999998125
0.005843999999967764
0.005517999999995027
0.1605339999999842
0.005630999999993946
0.005599999999958527
0.005654000000049564
0.005779000000018186
0.005492000000003827
0.005443000000013853
0.005529000000024098
0.005866000000025906
0.005640000000028067
0.005567999999982476
0.005472999999994954
0.005638999999973748
0.005637000000035641
0.005582000000003973
0.005607999999995172
0.005583999999998923
0.00586100000003853
0.0060520000000110485
0.005506000000025324
0.005527999999969779
0.005580000000009022
0.005588999999986299
0.005535000000008949
0.005659999999977572
0.005403999999998632
0.005504999999971005
0.005678999999986445
0.00579499999997779
0.005534000000011474
0.00550199999997858
0.005579000000011547
0.0055629999999951
0.005433999999979733
0.005456999999978507
0.0055270000000291475
0.00554400000004307
0.0055960000000254695
0.005502000000035423
0.0055110000000127
0.005638999999973748
0.005539999999996326
0.00579499999997779
0.005599000000017895
0.005906999999979234
0.005583999999998923
0.005810000000053606
0.005703999999980169
0.005650000000002819
0.005497999999988679
0.005445000000008804
0.005493999999998778
0.005729000000030737
0.005568000000039319
0.005544999999983702
0.005667000000016742
0.005756000000019412
0.0054409999999620595
0.005637000000035641
0.005407999999988533
0.005583999999998923
0.005571000000031745
0.005695000000002892
0.005511999999953332
0.006185000000016316
0.16235100000000102
0.005486000000018976
0.005404999999996107
0.005317999999988388
0.0053240000000300824
0.005551000000025397
0.005550999999968553
0.0057610000000067885
0.006654999999966549
0.005630999999993946
0.005703999999980169
0.0055370000000039
0.006164000000012493
0.005727000000035787
0.005698000000052161
0.005586999999991349
0.1605350000000385
0.005690000000015516
0.0059180000000083055
0.0055960000000254695
0.005904000000043652
0.005577999999957228
0.005444000000011329
0.00542200000001003
0.005546999999978652
0.005844999999965239
0.006122000000004846
0.005704000000037013
0.005769000000043434
0.005579000000011547
0.005578000000014072
0.005575000000021646
0.005635999999981323
0.005603000000007796
0.006101000000001022
0.005594999999971151
0.005560000000002674
0.005568000000039319
0.005502000000035423
0.005402000000003682
0.005667000000016742
0.005882999999982985
0.0054770000000416985
0.005560000000002674
0.005908000000033553
0.006230000000016389
0.005683999999973821
0.005666000000019267
0.005560000000002674
0.005380999999999858
0.005839999999977863
0.005777000000023236
0.006015999999988253
0.005629999999996471
0.005504999999971005
0.005641999999966174
0.006450000000029377
0.005737000000010539
0.005656999999985146
0.00574100000000044
0.005750999999975193
0.005882999999982985
0.005945999999994456
0.005966999999998279
0.005894999999952688
0.00684200000000601
0.005498999999986154
0.005553000000020347
0.00620099999997592
0.005520999999987453
0.005277000000035059
0.005560000000002674
0.005539999999996326
0.005806000000006861
0.005827000000010685
0.006021000000032473
0.005441000000018903
0.005442000000016378
0.005566999999985001
0.0057490000000370856
0.005767000000048483
0.006161000000020067
0.005740000000002965
0.005631999999991422
0.006041999999979453
0.0062019999999733955
0.005672000000004118
0.005790999999987889
0.005693000000007942
0.005420000000015079
0.005468000000007578
0.005779000000018186
0.0055960000000254695
0.006593000000009397
0.006733999999994467
0.005675999999994019
0.0055289999999672546
0.005710999999962496
0.006370000000003984
0.006756999999993241
0.00796399999995856
0.0057610000000067885
0.0057570000000168875
0.00635400000004438
0.00648999999998523
0.005601000000012846
0.005454999999983556
0.005774999999971442
0.005938000000014654
0.005675999999994019
0.005636999999978798
0.005587999999988824
0.005590000000040618
0.005694000000005417
0.0056000000000153705
0.005630999999993946
0.0056960000000003674
0.005858999999986736
0.005712000000016815
0.00565399999999272
0.005771000000038384
0.005561000000000149
0.005613000000039392
0.005487000000016451
0.005583000000001448
0.005775000000028285
0.005589999999983775
0.00542400000000498
0.0057189999999991414
0.0056420000000230175
0.1617090000000303
0.0055730000000266955
0.005629999999996471
0.005695000000002892
0.005955000000028576
0.005865999999969063
0.005704999999977645
0.00559099999998125
0.005859999999984211
0.005975000000034925
0.005581000000006497
0.005425999999999931
0.0056019999999534775
0.005447000000003754
0.005538000000001375
0.005576000000019121
0.005488000000013926
0.005841999999972813
0.00576899999998659
0.005698999999992793
0.0056800000000407636
0.005569999999977426
0.005582000000003973
0.005867999999964013
0.0065349999999853026
0.006291000000032909
0.005953999999974258
0.005949999999984357
0.005639999999971224
0.005723999999986518
0.005844000000024607
0.005706999999972595
0.005924999999990632
0.006015999999988253
0.005647000000010394
0.005669999999952324
0.005630999999993946
0.005773000000033335
0.005522000000041771
0.00574800000003961
0.005625000000009095
0.005749999999977717
0.005549999999971078
0.006088999999974476
0.005814999999984138
0.005538000000001375
0.0056420000000230175
0.005673999999999069
0.005497999999988679
0.005452999999988606
0.0058989999999994325
0.0060829999999896245
0.005906000000038603
0.006198000000040338
0.006129999999984648
0.005632000000048265
0.00574100000000044
0.005551000000025397
0.005466000000012627
0.0055370000000039
0.005499000000042997
0.005716000000006716
0.0056209999999623506
0.005773999999973967
0.0059560000000260516
0.005628000000001521
0.005540000000053169
0.0073499999999739885
0.007250999999996566
0.0058640000000309556
0.006192999999996118
0.006506000000001677
0.005597000000022945
0.005718000000001666
0.0057570000000168875
0.005844000000024607
0.005719999999996617
0.005703999999980169
Average: 0.006646