3.399999997100167e-05
3.999999995585313e-05
2.8999999983625457e-05
2.599999999119973e-05
3.500000002532033e-05
2.200000000129876e-05
3.5999999965952156e-05
3.099999997857594e-05
2.7999999986150215e-05
2.700000004551839e-05
2.8999999983625457e-05
2.4999999993724487e-05
3.2000000032894604e-05
2.2999999998774e-05
2.4999999993724487e-05
2.3999999996249244e-05
2.3999999996249244e-05
2.3999999996249244e-05
2.200000000129876e-05
2.4999999993724487e-05
2.4999999993724487e-05
2.599999999119973e-05
2.2999999998774e-05
2.599999999119973e-05
2.2999999998774e-05
2.599999999119973e-05
2.7999999986150215e-05
2.7999999986150215e-05
2.6999999988674972e-05
2.4999999993724487e-05
2.6999999988674972e-05
2.2999999998774e-05
2.5000000050567905e-05
2.2999999998774e-05
2.4999999993724487e-05
2.4999999993724487e-05
2.4999999993724487e-05
2.1000000003823516e-05
2.599999999119973e-05
2.3999999996249244e-05
2.4999999993724487e-05
2.200000000129876e-05
2.3999999996249244e-05
2.4999999993724487e-05
2.4999999993724487e-05
2.7999999986150215e-05
2.4999999993724487e-05
2.700000004551839e-05
2.6999999988674972e-05
2.6999999988674972e-05
2.4999999993724487e-05
2.599999999119973e-05
2.4999999993724487e-05
2.599999999119973e-05
2.4999999993724487e-05
2.4999999993724487e-05
2.4999999993724487e-05
2.599999999119973e-05
2.3999999996249244e-05
2.4999999993724487e-05
2.3999999996249244e-05
2.4999999993724487e-05
2.599999999119973e-05
2.8999999983625457e-05
2.99999999811007e-05
3.1999999976051186e-05
3.800000001774606e-05
3.90000000152213e-05
2.99999999811007e-05
2.4999999993724487e-05
2.3999999996249244e-05
2.700000004551839e-05
2.5000000050567905e-05
2.6999999988674972e-05
2.3999999996249244e-05
2.4999999993724487e-05
2.200000000129876e-05
2.599999999119973e-05
2.2999999998774e-05
2.8999999983625457e-05
2.7999999986150215e-05
2.599999999119973e-05
2.4999999993724487e-05
2.599999999119973e-05
2.599999999119973e-05
2.3999999996249244e-05
2.599999999119973e-05
2.4999999993724487e-05
2.4999999993724487e-05
2.2999999998774e-05
2.599999999119973e-05
2.4999999993724487e-05
2.200000000129876e-05
2.200000000129876e-05
2.5000000050567905e-05
2.200000000129876e-05
2.3999999996249244e-05
2.3999999996249244e-05
2.9000000040468876e-05
2.6999999988674972e-05
2.4999999993724487e-05
2.3999999996249244e-05
2.599999999119973e-05
2.200000000129876e-05
2.1000000003823516e-05
2.4999999993724487e-05
2.7999999986150215e-05
2.3999999996249244e-05
2.2999999998774e-05
2.5000000050567905e-05
2.599999999119973e-05
2.3999999996249244e-05
2.4999999993724487e-05
2.4999999993724487e-05
3.399999997100167e-05
2.7999999986150215e-05
2.7999999986150215e-05
2.599999999119973e-05
2.6000000048043148e-05
2.599999999119973e-05
2.2999999998774e-05
2.599999999119973e-05
2.6000000048043148e-05
2.5000000050567905e-05
2.6999999988674972e-05
2.4999999993724487e-05
2.599999999119973e-05
2.3999999996249244e-05
2.1000000003823516e-05
2.2999999998774e-05
2.4999999993724487e-05
2.2999999998774e-05
2.4999999993724487e-05
2.6999999988674972e-05
2.700000004551839e-05
2.3999999996249244e-05
2.4999999993724487e-05
2.700000004551839e-05
2.3999999996249244e-05
2.2999999998774e-05
2.3999999996249244e-05
2.4999999993724487e-05
2.3999999996249244e-05
2.599999999119973e-05
2.4999999993724487e-05
2.599999999119973e-05
2.3999999996249244e-05
2.599999999119973e-05
2.4999999993724487e-05
2.4999999993724487e-05
2.599999999119973e-05
2.4999999993724487e-05
2.8000000042993634e-05
2.6000000048043148e-05
3.099999997857594e-05
2.99999999811007e-05
2.4999999993724487e-05
2.4999999993724487e-05
2.2999999998774e-05
2.4000000053092663e-05
2.199999994445534e-05
2.2999999998774e-05
2.599999999119973e-05
2.3999999996249244e-05
2.4999999993724487e-05
2.4999999993724487e-05
2.6999999988674972e-05
2.200000000129876e-05
2.3999999996249244e-05
2.6999999988674972e-05
2.8000000042993634e-05
2.6999999988674972e-05
2.7999999986150215e-05
2.3999999996249244e-05
2.2999999998774e-05
2.3999999996249244e-05
2.4999999993724487e-05
2.200000000129876e-05
2.2999999998774e-05
3.6000000022795575e-05
2.6999999988674972e-05
2.4000000053092663e-05
2.7999999986150215e-05
2.599999999119973e-05
2.6999999988674972e-05
2.3999999996249244e-05
2.4999999993724487e-05
2.6999999988674972e-05
2.99999999811007e-05
2.700000004551839e-05
2.700000004551839e-05
2.6999999988674972e-05
2.4999999993724487e-05
2.2999999998774e-05
2.6000000048043148e-05
2.3999999996249244e-05
2.4999999993724487e-05
2.8000000042993634e-05
2.599999999119973e-05
2.599999999119973e-05
2.3999999996249244e-05
2.4999999993724487e-05
2.6999999988674972e-05
2.6999999988674972e-05
2.4999999993724487e-05
2.99999999811007e-05
2.4000000053092663e-05
2.200000000129876e-05
2.3999999996249244e-05
3.300000003036985e-05
2.700000004551839e-05
2.6999999988674972e-05
2.6999999988674972e-05
2.3999999996249244e-05
2.4999999993724487e-05
2.4999999993724487e-05
2.4999999993724487e-05
2.99999999811007e-05
2.2999999998774e-05
2.4999999993724487e-05
2.4999999993724487e-05
2.2999999998774e-05
2.3999999996249244e-05
2.7999999986150215e-05
2.700000004551839e-05
2.599999999119973e-05
2.6999999988674972e-05
2.3999999996249244e-05
2.2999999998774e-05
2.200000000129876e-05
2.200000000129876e-05
2.3999999996249244e-05
2.3999999996249244e-05
2.6999999988674972e-05
2.4999999993724487e-05
2.1000000003823516e-05
2.6999999988674972e-05
2.599999999119973e-05
2.8999999983625457e-05
2.3999999996249244e-05
2.599999999119973e-05
2.8000000042993634e-05
2.7999999986150215e-05
2.3999999996249244e-05
2.3999999996249244e-05
2.599999999119973e-05
2.4999999993724487e-05
2.4999999993724487e-05
2.2999999998774e-05
2.3999999996249244e-05
2.599999999119973e-05
2.2999999998774e-05
2.4999999993724487e-05
2.3999999996249244e-05
2.2999999998774e-05
2.2999999998774e-05
2.2999999998774e-05
2.200000000129876e-05
2.2999999998774e-05
2.8000000042993634e-05
2.7999999986150215e-05
2.8000000042993634e-05
2.599999999119973e-05
2.6999999988674972e-05
2.3999999996249244e-05
2.3999999996249244e-05
2.599999999119973e-05
2.200000000129876e-05
2.3999999996249244e-05
2.2999999998774e-05
2.4999999993724487e-05
2.200000000129876e-05
2.4999999993724487e-05
2.4999999993724487e-05
2.200000000129876e-05
2.5000000050567905e-05
2.1000000003823516e-05
2.8999999983625457e-05
2.6000000048043148e-05
2.4999999993724487e-05
2.4999999993724487e-05
2.200000000129876e-05
2.3999999996249244e-05
2.4999999993724487e-05
2.200000000129876e-05
2.4999999993724487e-05
2.6999999988674972e-05
2.3999999996249244e-05
2.4000000053092663e-05
2.700000004551839e-05
2.4000000053092663e-05
2.4999999993724487e-05
2.4999999993724487e-05
2.2999999998774e-05
2.3999999996249244e-05
2.9000000040468876e-05
2.3999999996249244e-05
2.4999999993724487e-05
2.4999999993724487e-05
2.4999999993724487e-05
2.3999999996249244e-05
2.2999999998774e-05
2.3999999996249244e-05
2.4999999993724487e-05
2.599999999119973e-05
2.4999999993724487e-05
2.4999999993724487e-05
2.200000000129876e-05
2.2999999998774e-05
2.200000000129876e-05
2.599999999119973e-05
2.2999999998774e-05
2.7999999986150215e-05
2.4999999993724487e-05
2.4999999993724487e-05
2.200000000129876e-05
2.2999999998774e-05
2.599999999119973e-05
2.4999999993724487e-05
2.3999999996249244e-05
2.599999999119973e-05
2.1000000003823516e-05
2.1000000003823516e-05
2.200000000129876e-05
2.0000000006348273e-05
2.3999999996249244e-05
2.200000000129876e-05
2.3999999996249244e-05
2.2999999998774e-05
2.4999999993724487e-05
2.8000000042993634e-05
2.2999999998774e-05
2.4999999993724487e-05
2.6000000048043148e-05
2.2999999998774e-05
2.200000000129876e-05
2.4999999993724487e-05
2.4999999993724487e-05
2.599999999119973e-05
2.200000000129876e-05
2.4999999993724487e-05
2.3999999996249244e-05
2.99999999811007e-05
2.599999999119973e-05
2.2999999998774e-05
2.2999999998774e-05
2.4999999993724487e-05
2.200000000129876e-05
2.7999999986150215e-05
2.2999999998774e-05
2.2999999998774e-05
2.4999999993724487e-05
2.4999999993724487e-05
2.599999999119973e-05
2.599999999119973e-05
2.6999999988674972e-05
2.6999999988674972e-05
2.4999999993724487e-05
2.2999999998774e-05
2.3999999996249244e-05
2.5000000050567905e-05
2.2999999998774e-05
2.3999999996249244e-05
2.3999999996249244e-05
2.4999999993724487e-05
2.4999999993724487e-05
2.6999999988674972e-05
2.6999999988674972e-05
2.2999999998774e-05
2.599999999119973e-05
2.5000000050567905e-05
2.3999999996249244e-05
2.3999999996249244e-05
2.599999999119973e-05
2.599999999119973e-05
2.3999999996249244e-05
4.3000000005122274e-05
2.7999999986150215e-05
2.599999999119973e-05
2.4999999993724487e-05
2.4999999993724487e-05
2.200000000129876e-05
2.200000000129876e-05
2.5000000050567905e-05
2.7999999986150215e-05
2.4999999993724487e-05
2.599999999119973e-05
2.4999999993724487e-05
2.2999999998774e-05
2.2999999998774e-05
2.3999999996249244e-05
2.599999999119973e-05
2.2999999998774e-05
2.599999999119973e-05
2.5000000050567905e-05
2.2999999998774e-05
2.200000000129876e-05
2.3999999996249244e-05
2.4999999993724487e-05
2.200000000129876e-05
2.3999999996249244e-05
2.4999999993724487e-05
2.7999999986150215e-05
2.6999999988674972e-05
2.599999999119973e-05
2.3999999996249244e-05
2.4000000053092663e-05
2.4999999993724487e-05
2.4999999993724487e-05
2.200000000129876e-05
2.3999999996249244e-05
2.7999999986150215e-05
2.6999999988674972e-05
2.4999999993724487e-05
2.4000000053092663e-05
2.4999999993724487e-05
2.6999999988674972e-05
2.200000000129876e-05
2.3999999996249244e-05
2.6999999988674972e-05
2.6999999988674972e-05
2.599999999119973e-05
2.4999999993724487e-05
2.3999999996249244e-05
2.4999999993724487e-05
2.2999999998774e-05
2.5000000050567905e-05
2.200000000129876e-05
2.599999999119973e-05
2.3999999996249244e-05
2.4999999993724487e-05
2.599999999119973e-05
2.200000000129876e-05
2.3999999996249244e-05
2.4999999993724487e-05
2.4999999993724487e-05
2.1000000003823516e-05
2.7999999986150215e-05
2.2999999998774e-05
2.4999999993724487e-05
2.4999999993724487e-05
2.3999999996249244e-05
2.599999999119973e-05
2.6000000048043148e-05
2.2999999998774e-05
2.6000000048043148e-05
2.4999999993724487e-05
2.4999999993724487e-05
2.2999999998774e-05
2.4999999993724487e-05
2.599999999119973e-05
2.5000000050567905e-05
2.4999999993724487e-05
2.599999999119973e-05
2.3999999996249244e-05
2.6999999988674972e-05
2.2999999998774e-05
2.6999999988674972e-05
2.6000000048043148e-05
2.3999999996249244e-05
2.4999999993724487e-05
2.3999999996249244e-05
2.599999999119973e-05
2.3999999996249244e-05
2.200000000129876e-05
2.3999999996249244e-05
2.599999999119973e-05
2.200000000129876e-05
2.599999999119973e-05
2.0999999946980097e-05
2.8999999983625457e-05
2.3999999996249244e-05
2.2999999998774e-05
2.6999999988674972e-05
2.2999999998774e-05
2.4999999993724487e-05
2.4999999993724487e-05
2.4999999993724487e-05
2.2999999998774e-05
2.2999999998774e-05
2.599999999119973e-05
2.0000000006348273e-05
2.700000004551839e-05
2.200000000129876e-05
2.4999999993724487e-05
2.4999999993724487e-05
2.2999999998774e-05
2.3999999996249244e-05
2.1000000003823516e-05
2.200000000129876e-05
2.2999999998774e-05
2.7999999986150215e-05
2.3999999996249244e-05
2.2999999998774e-05
2.6999999988674972e-05
2.2999999998774e-05
2.599999999119973e-05
2.6000000048043148e-05
2.3999999996249244e-05
2.3999999996249244e-05
2.4999999993724487e-05
2.1000000003823516e-05
2.4000000053092663e-05
2.1000000003823516e-05
2.3999999996249244e-05
2.599999999119973e-05
2.599999999119973e-05
2.4999999993724487e-05
2.4999999993724487e-05
2.6999999988674972e-05
2.4999999993724487e-05
2.2999999998774e-05
2.7999999986150215e-05
2.6000000048043148e-05
2.3999999996249244e-05
2.599999999119973e-05
2.200000000129876e-05
2.2999999998774e-05
2.200000000129876e-05
2.3999999996249244e-05
2.599999999119973e-05
2.3999999996249244e-05
2.4999999993724487e-05
2.3999999996249244e-05
2.4999999993724487e-05
2.3999999996249244e-05
2.7999999986150215e-05
2.4999999993724487e-05
5.3999999977349944e-05
3.100000003541936e-05
2.3999999996249244e-05
2.599999999119973e-05
2.200000000129876e-05
2.200000000129876e-05
2.4999999993724487e-05
2.200000000129876e-05
3.4999999968476914e-05
3.000000003794412e-05
2.700000004551839e-05
2.2999999998774e-05
2.6000000048043148e-05
2.599999999119973e-05
2.3999999996249244e-05
2.599999999119973e-05
2.8999999983625457e-05
2.599999999119973e-05
2.599999999119973e-05
2.6999999988674972e-05
2.3999999996249244e-05
2.6999999988674972e-05
2.5000000050567905e-05
2.2999999998774e-05
2.6999999988674972e-05
2.2999999998774e-05
2.6000000048043148e-05
2.200000000129876e-05
2.6999999988674972e-05
2.2999999998774e-05
2.4999999993724487e-05
2.6000000048043148e-05
2.2999999998774e-05
2.200000000129876e-05
3.2000000032894604e-05
2.3999999996249244e-05
2.199999994445534e-05
2.7999999986150215e-05
2.8999999983625457e-05
2.5000000050567905e-05
2.3999999996249244e-05
2.3999999996249244e-05
2.4999999993724487e-05
2.4999999993724487e-05
2.3999999996249244e-05
2.3999999996249244e-05
2.200000000129876e-05
2.3999999996249244e-05
2.200000000129876e-05
2.6000000048043148e-05
2.4999999993724487e-05
2.3999999996249244e-05
2.7999999986150215e-05
2.6999999988674972e-05
2.3999999996249244e-05
2.599999999119973e-05
3.799999996090264e-05
2.8999999983625457e-05
3.099999997857594e-05
2.4000000053092663e-05
2.6999999988674972e-05
2.599999999119973e-05
2.599999999119973e-05
2.4999999993724487e-05
2.2999999998774e-05
2.599999999119973e-05
2.4999999993724487e-05
2.8000000042993634e-05
2.3999999996249244e-05
2.3999999996249244e-05
3.100000003541936e-05
2.599999999119973e-05
2.599999999119973e-05
2.5000000050567905e-05
2.6000000048043148e-05
2.4999999993724487e-05
2.200000000129876e-05
2.4999999993724487e-05
2.599999999119973e-05
2.4999999993724487e-05
2.599999999119973e-05
2.4999999993724487e-05
2.3999999996249244e-05
2.599999999119973e-05
2.4999999993724487e-05
2.4999999993724487e-05
2.200000000129876e-05
2.3999999996249244e-05
2.7999999986150215e-05
2.6999999988674972e-05
2.4999999993724487e-05
2.599999999119973e-05
3.800000001774606e-05
3.000000003794412e-05
2.599999999119973e-05
2.6999999988674972e-05
2.599999999119973e-05
2.4999999993724487e-05
2.4999999993724487e-05
2.200000000129876e-05
2.2999999998774e-05
2.4999999993724487e-05
2.5000000050567905e-05
2.599999999119973e-05
2.2999999998774e-05
3.000000003794412e-05
2.3999999996249244e-05
2.3999999996249244e-05
2.6999999988674972e-05
2.3999999996249244e-05
2.6999999988674972e-05
2.6000000048043148e-05
2.4999999993724487e-05
2.4999999993724487e-05
2.599999999119973e-05
2.599999999119973e-05
2.3999999996249244e-05
2.599999999119973e-05
2.2999999998774e-05
2.3999999996249244e-05
2.2999999998774e-05
2.3999999996249244e-05
2.4999999993724487e-05
2.700000004551839e-05
2.6999999988674972e-05
2.6999999988674972e-05
2.599999999119973e-05
2.3999999996249244e-05
2.6999999988674972e-05
2.4999999993724487e-05
2.4999999993724487e-05
2.4999999993724487e-05
2.3999999996249244e-05
2.4999999993724487e-05
2.3999999996249244e-05
2.6000000048043148e-05
2.599999999119973e-05
2.2999999998774e-05
2.2999999998774e-05
2.2999999998774e-05
3.099999997857594e-05
2.6999999988674972e-05
2.6999999988674972e-05
2.4999999993724487e-05
2.3999999996249244e-05
2.599999999119973e-05
2.4999999993724487e-05
2.3999999996249244e-05
2.3999999996249244e-05
2.4999999993724487e-05
2.3999999996249244e-05
2.6999999988674972e-05
2.3999999996249244e-05
2.3999999996249244e-05
2.200000000129876e-05
2.5000000050567905e-05
2.4999999993724487e-05
2.2999999998774e-05
2.4999999993724487e-05
2.7999999986150215e-05
2.4999999993724487e-05
2.4999999993724487e-05
2.8999999983625457e-05
2.6000000048043148e-05
2.2999999998774e-05
2.200000000129876e-05
2.4999999993724487e-05
2.3999999996249244e-05
2.4999999993724487e-05
2.3999999996249244e-05
2.2999999998774e-05
2.3999999996249244e-05
2.200000000129876e-05
2.3999999996249244e-05
2.3999999996249244e-05
2.2999999998774e-05
2.0000000006348273e-05
2.9000000040468876e-05
2.5000000050567905e-05
2.599999999119973e-05
2.3999999996249244e-05
2.6999999988674972e-05
2.3999999996249244e-05
2.4999999993724487e-05
2.2999999998774e-05
3.400000002784509e-05
2.200000000129876e-05
2.3999999996249244e-05
2.200000000129876e-05
2.3999999996249244e-05
2.2999999998774e-05
2.4999999993724487e-05
2.2999999998774e-05
2.3999999996249244e-05
2.5000000050567905e-05
2.8999999983625457e-05
2.2999999998774e-05
2.5000000050567905e-05
2.6000000048043148e-05
2.4999999993724487e-05
2.199999994445534e-05
2.4999999993724487e-05
2.2999999998774e-05
2.2999999998774e-05
2.599999999119973e-05
2.4999999993724487e-05
2.3999999996249244e-05
2.3999999996249244e-05
2.599999999119973e-05
2.4999999993724487e-05
2.4999999993724487e-05
2.2999999998774e-05
2.8999999983625457e-05
2.8999999983625457e-05
2.599999999119973e-05
2.3999999996249244e-05
2.200000000129876e-05
2.3999999996249244e-05
2.3999999996249244e-05
2.4999999993724487e-05
2.200000000129876e-05
2.2999999998774e-05
2.4999999993724487e-05
2.5000000050567905e-05
2.4999999993724487e-05
2.3999999996249244e-05
2.599999999119973e-05
3.700000002027082e-05
2.6999999988674972e-05
2.8999999983625457e-05
2.99999999811007e-05
2.4999999993724487e-05
2.3999999996249244e-05
2.6999999988674972e-05
2.4999999993724487e-05
2.599999999119973e-05
2.4999999993724487e-05
2.599999999119973e-05
2.4999999993724487e-05
2.3999999996249244e-05
2.3999999996249244e-05
2.4999999993724487e-05
2.4999999993724487e-05
2.2999999998774e-05
2.599999999119973e-05
2.200000000129876e-05
2.4999999993724487e-05
2.4999999993724487e-05
3.1999999976051186e-05
2.200000000129876e-05
2.6999999988674972e-05
2.6000000048043148e-05
2.4999999993724487e-05
2.2999999998774e-05
2.2999999998774e-05
2.599999999119973e-05
2.200000000129876e-05
2.6000000048043148e-05
2.2999999998774e-05
2.4999999993724487e-05
2.4999999993724487e-05
2.4999999993724487e-05
2.3999999996249244e-05
2.599999999119973e-05
2.5000000050567905e-05
2.2999999998774e-05
2.700000004551839e-05
3.099999997857594e-05
2.599999999119973e-05
2.200000000129876e-05
2.6000000048043148e-05
2.3999999996249244e-05
2.4999999993724487e-05
2.3999999996249244e-05
2.599999999119973e-05
2.3999999996249244e-05
2.8999999983625457e-05
2.3999999996249244e-05
2.6000000048043148e-05
2.2999999998774e-05
2.6999999988674972e-05
2.6999999988674972e-05
2.3999999996249244e-05
2.599999999119973e-05
2.8000000042993634e-05
2.7999999986150215e-05
2.6999999988674972e-05
2.5000000050567905e-05
2.6000000048043148e-05
2.599999999119973e-05
2.2999999998774e-05
2.4999999993724487e-05
2.3999999996249244e-05
2.4999999993724487e-05
2.4999999993724487e-05
2.599999999119973e-05
2.3999999996249244e-05
3.099999997857594e-05
2.4999999993724487e-05
2.599999999119973e-05
2.3999999996249244e-05
2.4999999993724487e-05
2.8000000042993634e-05
2.4999999993724487e-05
2.4999999993724487e-05
2.599999999119973e-05
2.4999999993724487e-05
2.4999999993724487e-05
2.3999999996249244e-05
2.4999999993724487e-05
2.4999999993724487e-05
2.6999999988674972e-05
2.5000000050567905e-05
2.3999999996249244e-05
2.200000000129876e-05
2.5000000050567905e-05
2.1000000003823516e-05
2.6000000048043148e-05
2.2999999998774e-05
2.7999999986150215e-05
2.6999999988674972e-05
2.4999999993724487e-05
2.599999999119973e-05
2.599999999119973e-05
2.4999999993724487e-05
2.4999999993724487e-05
2.4999999993724487e-05
2.3999999996249244e-05
2.599999999119973e-05
2.4999999993724487e-05
2.4999999993724487e-05
2.2999999998774e-05
2.4999999993724487e-05
2.3999999996249244e-05
2.2999999998774e-05
2.599999999119973e-05
2.5000000050567905e-05
2.7999999986150215e-05
2.2999999998774e-05
2.599999999119973e-05
2.4999999993724487e-05
2.3999999996249244e-05
2.3999999996249244e-05
2.6999999988674972e-05
2.200000000129876e-05
2.599999999119973e-05
2.4999999993724487e-05
2.6999999988674972e-05
2.2999999998774e-05
2.599999999119973e-05
2.3999999996249244e-05
2.2999999998774e-05
2.3999999996249244e-05
2.200000000129876e-05
2.200000000129876e-05
2.7999999986150215e-05
2.2999999998774e-05
2.599999999119973e-05
2.2999999998774e-05
2.2999999998774e-05
2.3999999996249244e-05
2.599999999119973e-05
2.4999999993724487e-05
2.4999999993724487e-05
2.4999999993724487e-05
2.4999999993724487e-05
2.2999999998774e-05
2.3999999996249244e-05
2.8000000042993634e-05
2.4999999993724487e-05
2.4999999993724487e-05
2.3999999996249244e-05
2.6999999988674972e-05
2.8999999983625457e-05
2.599999999119973e-05
2.3999999996249244e-05
2.4999999993724487e-05
2.599999999119973e-05
2.1000000003823516e-05
2.4999999993724487e-05
2.4999999993724487e-05
2.4999999993724487e-05
2.4999999993724487e-05
2.4999999993724487e-05
2.599999999119973e-05
2.4999999993724487e-05
2.4999999993724487e-05
2.4999999993724487e-05
2.2999999998774e-05
2.4999999993724487e-05
2.3999999996249244e-05
2.6999999988674972e-05
2.599999999119973e-05
2.7999999986150215e-05
2.3999999996249244e-05
2.3999999996249244e-05
2.2999999998774e-05
2.200000000129876e-05
3.100000003541936e-05
2.8000000042993634e-05
2.599999999119973e-05
2.3999999996249244e-05
2.2999999998774e-05
2.599999999119973e-05
2.6000000048043148e-05
2.4999999993724487e-05
2.3999999996249244e-05
2.4999999993724487e-05
2.4999999993724487e-05
3.2000000032894604e-05
2.4999999993724487e-05
2.3999999996249244e-05
2.3999999996249244e-05
2.3999999996249244e-05
2.599999999119973e-05
2.599999999119973e-05
2.99999999811007e-05
2.8000000042993634e-05
2.4999999993724487e-05
2.2999999998774e-05
2.2999999998774e-05
2.4999999993724487e-05
2.4999999993724487e-05
2.4999999993724487e-05
2.2999999998774e-05
2.4999999993724487e-05
2.7999999986150215e-05
2.599999999119973e-05
2.700000004551839e-05
2.599999999119973e-05
2.6999999988674972e-05
2.4999999993724487e-05
2.4999999993724487e-05
2.4999999993724487e-05
4.199999995080361e-05
6.300000001147055e-05
6.100000001652006e-05
3.999999995585313e-05
3.299999997352643e-05
7.399999998369822e-05
7.399999998369822e-05
5.199999998239946e-05
2.6999999988674972e-05
2.6000000048043148e-05
2.99999999811007e-05
2.6999999988674972e-05
2.599999999119973e-05
2.700000004551839e-05
2.599999999119973e-05
2.3999999996249244e-05
2.2999999998774e-05
2.6999999988674972e-05
2.5000000050567905e-05
2.2999999998774e-05
2.4999999993724487e-05
2.4999999993724487e-05
2.3999999996249244e-05
2.2999999998774e-05
2.4999999993724487e-05
2.3999999996249244e-05
2.7999999986150215e-05
2.4999999993724487e-05
2.7999999986150215e-05
2.599999999119973e-05
2.4999999993724487e-05
2.6999999988674972e-05
2.3999999996249244e-05
2.599999999119973e-05
2.4999999993724487e-05
2.599999999119973e-05
2.4999999993724487e-05
Average: 0.000025