2.7999999929306796e-05
1.900000006571645e-05
1.8000000181928044e-05
1.700000029813964e-05
3.0000000151630957e-05
2.700000004551839e-05
1.5999999959603883e-05
1.8000000181928044e-05
1.4000000192027073e-05
1.5999999959603883e-05
1.4000000192027073e-05
1.8000000181928044e-05
1.3999999737279722e-05
1.6000000414351234e-05
1.699999984339229e-05
1.700000029813964e-05
3.200000037395512e-05
1.7999999727180693e-05
1.5999999959603883e-05
2.5999999706982635e-05
1.5999999959603883e-05
1.5000000075815478e-05
1.5000000075815478e-05
1.8999999610969098e-05
1.7999999727180693e-05
1.900000006571645e-05
1.8000000181928044e-05
1.3999999737279722e-05
1.4000000192027073e-05
1.5000000075815478e-05
1.5000000075815478e-05
1.5999999959603883e-05
3.0000000151630957e-05
1.699999984339229e-05
3.199999991920777e-05
1.9999999949504854e-05
2.3999999939405825e-05
1.5000000075815478e-05
1.4000000192027073e-05
1.900000006571645e-05
1.5000000075815478e-05
1.4000000192027073e-05
1.6000000414351234e-05
1.7999999727180693e-05
1.5000000075815478e-05
2.499999982319423e-05
1.5000000075815478e-05
1.4000000192027073e-05
1.4000000192027073e-05
1.699999984339229e-05
1.5000000075815478e-05
1.4000000192027073e-05
1.8000000181928044e-05
1.5999999959603883e-05
1.4999999621068127e-05
1.4999999621068127e-05
1.4000000192027073e-05
1.5999999959603883e-05
2.499999982319423e-05
1.5999999959603883e-05
3.100000003541936e-05
3.299999980299617e-05
1.7999999727180693e-05
1.5000000075815478e-05
1.4000000192027073e-05
1.5000000075815478e-05
1.5000000075815478e-05
1.8000000181928044e-05
1.4000000192027073e-05
1.5000000075815478e-05
1.3999999737279722e-05
2.499999982319423e-05
1.8000000181928044e-05
1.5000000075815478e-05
1.4000000192027073e-05
1.5999999959603883e-05
1.4000000192027073e-05
1.5000000075815478e-05
1.5000000075815478e-05
1.700000029813964e-05
1.8999999610969098e-05
1.5000000075815478e-05
1.4000000192027073e-05
1.5000000075815478e-05
1.5000000075815478e-05
2.89999998130952e-05
1.8000000181928044e-05
1.5000000075815478e-05
1.5999999959603883e-05
1.7999999727180693e-05
1.8000000181928044e-05
1.699999984339229e-05
1.8000000181928044e-05
1.5999999959603883e-05
1.8000000181928044e-05
1.8000000181928044e-05
1.6000000414351234e-05
1.700000029813964e-05
2.3999999939405825e-05
Average: 0.000018